0 0 1 1 0
1 0.0300419 1.01866 0.998542 1.04013
2 0.0600448 0.117759 0.99682 0.996665
3 0.0897043 0.0966727 0.99454 1.03693
4 0.119485 0.129554 0.992185 1.01679
5 0.149263 0.255827 0.989634 1.13749
6 0.178997 0.25796 0.986851 1.26013
7 0.20862 0.196319 0.983777 1.19499
8 0.238158 0.230278 0.980448 1.3634
9 0.267644 0.31534 0.976907 1.31352
10 0.297046 0.327991 0.973128 1.05166
11 0.326306 0.257902 0.969061 1.14942
12 0.355439 0.444874 0.964732 1.27912
13 0.384463 0.448608 0.960168 1.34196
14 0.413367 0.410853 0.955366 1.5354
15 0.442083 0.437675 0.950268 1.23769
16 0.470556 0.468213 0.944829 1.05735
17 0.498775 0.487906 0.939051 0.765943
18 0.526837 0.574242 0.933044 0.788718
19 0.55468 0.552319 0.926754 0.90986
20 0.582347 0.592501 0.920236 0.786603
21 0.610025 0.563811 0.913685 0.750892
22 0.637369 0.689799 0.906758 0.846858
23 0.664461 0.632176 0.899551 0.882683
24 0.691239 0.59947 0.892013 0.901292
25 0.718036 0.652654 0.88449 1.01102
26 0.744494 0.753027 0.876624 1.13875
27 0.77079 0.73188 0.868606 0.858482
28 0.796692 0.794541 0.860211 0.472696
29 0.822531 0.814304 0.851783 0.429922
30 0.848045 0.778541 0.843062 0.117014
31 0.873508 0.896376 0.834337 0.0173769
32 0.89855 0.856386 0.825235 0.142955
33 0.923317 0.98193 0.81592 0.21756
34 0.947832 0.922087 0.806424 0.438456
35 0.97199 0.913515 0.796649 0.45023
36 0.995812 1.03487 0.786629 0.328164
37 1.01951 1.05417 0.776586 0.760659
38 1.04266 1.10396 0.766093 0.740499
39 1.06561 1.0278 0.755527 0.90835
40 1.08832 1.07917 0.744848 0.612404
41 1.11074 1.06275 0.734019 0.334534
42 1.13298 1.10603 0.723135 0.261872
43 1.15474 1.19701 0.711925 0.0456064
44 1.17615 1.12449 0.700513 0.0220809
45 1.19698 1.15929 0.688694 -0.0578275
46 1.21752 1.18584 0.676765 0.0312597
47 1.23797 1.17208 0.664941 0.115644
48 1.25806 1.20634 0.652939 0.285764
49 1.27753 1.20977 0.640517 0.328172
50 1.29665 1.29987 0.627965 0.684254
51 1.31526 1.23408 0.615128 0.609939
52 1.33365 1.33972 0.602304 1.275
53 1.35189 1.39825 0.589568 1.54728
54 1.36949 1.37571 0.576427 1.46478
55 1.38684 1.39196 0.563296 1.55962
56 1.40376 1.38253 0.549994 1.47118
57 1.42031 1.46552 0.536583 1.08814
58 1.43651 1.52768 0.523096 1.32577
59 1.45217 1.46967 0.509353 1.08982
60 1.46743 1.50233 0.495495 0.955456
61 1.48234 1.46952 0.481596 0.983792
62 1.49682 1.4284 0.467558 0.690998
63 1.51081 1.47639 0.45335 0.720841
64 1.52452 1.53432 0.439184 1.09641
65 1.53774 1.59792 0.424846 0.964404
66 1.55049 1.58906 0.410379 0.784172
67 1.56279 1.56563 0.395789 1.1869
68 1.57478 1.58708 0.381252 0.936215
69 1.58617 1.59 0.366462 1.0906
70 1.59737 1.64539 0.351836 1.13673
71 1.60796 1.65479 0.336974 1.08671
72 1.61815 1.62336 0.32207 0.819037
73 1.62787 1.7207 0.307082 0.912001
74 1.6371 1.79382 0.291992 0.833831
75 1.64599 1.64971 0.276951 0.791523
76 1.65422 1.64065 0.261643 0.557087
77 1.66193 1.73818 0.246222 0.714867
78 1.66939 1.66926 0.230966 0.598982
79 1.67629 1.69296 0.215574 0.286553
80 1.68284 1.62851 0.200244 0.198947
81 1.68901 1.69761 0.184958 0.310734
82 1.69463 1.66373 0.169549 0.0368608
83 1.69985 1.69289 0.154182 -0.00493168
84 1.70428 1.74989 0.138455 0.217221
85 1.70855 1.66819 0.123029 -0.118609
86 1.71226 1.69253 0.107484 -0.0609146
87 1.71555 1.70427 0.0919726 -0.130159
88 1.71823 1.68289 0.0763145 -0.507131
89 1.72046 1.69395 0.0606847 -0.546533
90 1.72242 1.71665 0.0452451 -0.533173
91 1.72375 1.73773 0.0296519 -0.687294
92 1.72462 1.7226 0.0140687 -0.626268
93 1.72494 1.79346 -0.00157134 -0.802585
94 1.72499 1.62875 -0.0170008 -1.19424
95 1.72451 1.64698 -0.0324735 -1.2454
96 1.72356 1.75652 -0.047917 -1.21599
97 1.72227 1.70421 -0.0632055 -1.22472
98 1.7203 1.70145 -0.0786932 -1.3409
99 1.71784 1.68195 -0.0941536 -1.46884
100 1.71499 1.67466 -0.109498 -1.28762
101 1.71161 1.666 -0.124865 -0.84891
102 1.70781 1.66032 -0.140137 -0.770229
103 1.70346 1.72099 -0.155441 -1.2872
104 1.69883 1.74382 -0.170503 -1.50131
105 1.6938 1.62534 -0.185456 -1.29058
106 1.68834 1.5799 -0.200318 -1.04525
107 1.68232 1.71632 -0.215219 -1.11209
108 1.67579 1.64443 -0.230115 -1.50054
109 1.66869 1.67104 -0.245048 -1.01691
110 1.66131 1.57093 -0.259727 -1.47478
111 1.65363 1.63319 -0.274173 -1.30564
112 1.64551 1.57619 -0.28854 -1.50412
113 1.63686 1.52317 -0.302909 -1.62285
114 1.6278 1.62729 -0.317162 -1.64633
115 1.61838 1.54469 -0.331238 -1.60737
116 1.60845 1.45688 -0.345303 -1.98577
117 1.59812 1.50124 -0.359228 -1.76307
118 1.58736 1.44476 -0.373058 -2.01176
119 1.57612 1.47704 -0.386834 -2.26503
120 1.56441 1.53555 -0.400548 -1.77799
121 1.55244 1.48332 -0.413974 -1.34943
122 1.53994 1.4776 -0.42741 -1.32761
123 1.52707 1.43558 -0.440679 -1.7734
124 1.51377 1.50929 -0.453835 -1.27867
125 1.50009 1.47706 -0.466847 -0.8471
126 1.48623 1.46601 -0.479498 -0.656988
127 1.47183 1.51621 -0.492175 -0.744121
128 1.45695 1.55227 -0.504795 -0.726387
129 1.44189 1.47772 -0.517066 -1.07104
130 1.42655 1.41105 -0.529095 -1.02541
131 1.41068 1.34956 -0.541142 -0.949628
132 1.39448 1.35417 -0.552993 -0.693126
133 1.37789 1.32076 -0.564711 -0.305105
134 1.36096 1.40723 -0.57625 0.240308
135 1.34363 1.35973 -0.587679 -0.000825115
136 1.32601 1.3659 -0.598878 0.0564804
137 1.30814 1.33796 -0.609821 -0.476005
138 1.2899 1.25411 -0.620625 -0.760899
139 1.27116 1.22185 -0.631423 -1.07969
140 1.25225 1.19881 -0.641878 -0.813922
141 1.23313 1.29645 -0.652053 -0.452086
142 1.21339 1.16061 -0.662349 -0.694508
143 1.19336 1.16839 -0.672434 -0.826864
144 1.17329 1.21225 -0.682072 -0.802595
145 1.15289 1.15118 -0.691544 -1.20462
146 1.13203 1.11718 -0.700995 -1.24246
147 1.11107 1.04161 -0.710065 -1.40911
148 1.0898 1.01804 -0.718967 -1.45163
149 1.06822 0.899834 -0.727709 -1.3205
150 1.04641 0.999977 -0.736208 -0.965305
151 1.02436 1.04867 -0.744486 -0.90868
152 1.00207 0.95202 -0.752536 -1.0046
153 0.979526 0.915197 -0.760398 -0.987686
154 0.956786 0.955109 -0.768002 -0.998282
155 0.933814 0.966543 -0.775393 -0.89164
156 0.910608 0.886999 -0.782578 -0.928222
157 0.88705 0.981066 -0.78968 -0.693215
158 0.863354 0.902198 -0.796485 -0.677494
159 0.839531 0.917539 -0.802989 -0.412712
160 0.815536 0.805983 -0.809246 -0.638153
161 0.791031 0.821033 -0.815599 -0.842027
162 0.766506 0.847001 -0.821552 -0.710492
163 0.741831 0.74307 -0.827246 -0.877293
164 0.717082 0.805938 -0.832613 -0.88404
165 0.692113 0.675057 -0.837809 -0.95041
166 0.666992 0.62976 -0.842768 -1.08915
167 0.641637 0.636775 -0.847579 -0.88372
168 0.616155 0.62203 -0.852137 -1.31194
169 0.590755 0.528454 -0.85624 -1.32709
170 0.565179 0.49418 -0.860161 -1.18581
171 0.539549 0.540424 -0.863783 -1.0835
172 0.513641 0.510817 -0.867338 -0.715852
173 0.487787 0.429094 -0.870493 -0.597922
174 0.461636 0.4969 -0.873613 -0.587238
175 0.435468 0.388469 -0.876417 -0.796208
176 0.40918 0.396552 -0.879018 -0.633128
177 0.382917 0.405361 -0.881274 -0.0794366
178 0.356577 0.311901 -0.883301 0.0864997
179 0.330017 0.352545 -0.885246 0.56922
180 0.303507 0.420175 -0.88684 0.900542
181 0.276993 0.346893 -0.888151 1.00452
182 0.250414 0.333714 -0.889246 0.910193
183 0.223922 0.312726 -0.88998 1.25504
184 0.19722 0.240808 -0.890663 1.35587
185 0.170438 0.245221 -0.891165 1.17419
186 0.143514 0.193914 -0.891551 0.882114
187 0.116832 0.243641 -0.89144 0.963561
188 0.0901347 0.139704 -0.891109 1.16466
189 0.0632569 0.233786 -0.890728 1.26347
190 0.0365283 0.145735 -0.889968 1.4877
191 0.00995489 0.0083794 -0.888836 1.64719
192 -0.0167606 0.0253232 -0.887643 1.3693
193 -0.0434645 0.0772516 -0.886235 1.22814
194 -0.0700452 -0.0532487 -0.884508 0.927997
195 -0.0965812 -0.0764357 -0.882552 0.657352
196 -0.122912 -0.0801818 -0.880213 0.494679
197 -0.149303 -0.165229 -0.877771 0.138735
198 -0.175594 -0.0383846 -0.875069 0.0583002
199 -0.201889 -0.178849 -0.872219 -0.0540857
200 -0.227893 -0.218714 -0.86893 -0.227775
201 -0.253951 -0.27625 -0.865567 -0.786184
202 -0.279919 -0.362721 -0.861984 -1.14971
203 -0.305663 -0.277902 -0.858056 -1.29533
204 -0.331313 -0.366565 -0.853926 -0.877512
205 -0.356897 -0.39036 -0.849629 -1.14851
206 -0.382342 -0.312517 -0.845099 -0.962641
207 -0.407751 -0.378497 -0.840446 -0.689842
208 -0.432878 -0.369594 -0.83543 -0.718127
209 -0.457994 -0.401243 -0.830334 -0.611063
210 -0.482946 -0.48686 -0.825008 -0.507119
211 -0.50761 -0.566979 -0.819338 -0.625906
212 -0.53234 -0.515898 -0.81369 -1.10672
213 -0.55654 -0.575376 -0.807468 -0.70326
214 -0.580706 -0.564596 -0.80119 -0.563988
215 -0.604658 -0.604161 -0.794678 -0.374418
216 -0.628609 -0.619472 -0.788154 -0.544781
217 -0.652295 -0.61472 -0.781356 -0.790969
218 -0.675836 -0.623752 -0.774414 -0.637582
219 -0.699019 -0.589927 -0.767121 -0.330513
220 -0.722022 -0.743533 -0.759667 -0.411044
221 -0.744853 -0.803203 -0.752071 -0.992013
222 -0.76731 -0.777906 -0.744134 -1.10316
223 -0.789629 -0.834418 -0.736107 -1.13727
224 -0.811774 -0.869992 -0.727958 -0.900824
225 -0.833479 -0.772539 -0.719427 -0.605024
226 -0.855032 -0.897967 -0.710817 -0.613788
227 -0.876379 -0.921354 -0.702078 -0.967568
228 -0.897394 -0.898622 -0.69309 -1.18555
229 -0.918178 -0.910489 -0.683965 -1.27204
230 -0.938727 -0.959458 -0.674706 -1.00342
231 -0.959007 -0.931113 -0.665284 -0.731682
232 -0.978784 -0.991547 -0.655473 -0.314141
233 -0.998343 -1.02523 -0.645575 -0.342548
234 -1.01765 -0.967166 -0.635559 0.0354042
235 -1.03662 -0.951348 -0.625355 0.185466
236 -1.05532 -0.987538 -0.615025 0.261901
237 -1.07368 -1.10186 -0.604514 0.456259
238 -1.09193 -1.05935 -0.594057 0.306137
239 -1.10976 -1.0577 -0.583346 0.114939
240 -1.12738 -1.11569 -0.572603 -0.121074
241 -1.14438 -1.10866 -0.561422 -0.136608
242 -1.16122 -1.13311 -0.550274 0.308367
243 -1.17777 -1.17017 -0.539043 0.112873
244 -1.19383 -1.19775 -0.527522 0.371168
245 -1.20965 -1.24398 -0.515984 0.291638
246 -1.2253 -1.17547 -0.504489 0.491881
247 -1.24041 -1.22852 -0.492685 0.351139
248 -1.25523 -1.23087 -0.480817 1.07862
249 -1.26969 -1.23445 -0.468837 0.898634
250 -1.28381 -1.18001 -0.456758 1.33476
251 -1.29742 -1.26765 -0.444432 1.45232
252 -1.31066 -1.18976 -0.431987 1.33059
253 -1.32367 -1.22791 -0.419595 1.08482
254 -1.33639 -1.30751 -0.407191 1.25747
255 -1.34863 -1.34739 -0.39457 1.39323
256 -1.36051 -1.38801 -0.381891 1.18494
257 -1.37204 -1.41293 -0.36914 1.04274
258 -1.3831 -1.34994 -0.356226 0.907492
259 -1.39373 -1.31911 -0.343188 0.811226
260 -1.40404 -1.40828 -0.330143 0.838031
261 -1.41403 -1.35621 -0.317097 0.664723
262 -1.42335 -1.4198 -0.303708 0.488683
263 -1.4326 -1.45233 -0.290571 0.4807
264 -1.4413 -1.44704 -0.277229 0.154919
265 -1.44968 -1.40898 -0.263907 0.296649
266 -1.45762 -1.50471 -0.250486 0.361464
267 -1.46501 -1.47621 -0.236868 0.682289
268 -1.47215 -1.50432 -0.223361 0.93759
269 -1.47882 -1.41868 -0.209745 1.16574
270 -1.48522 -1.52361 -0.19623 0.937228
271 -1.49112 -1.52854 -0.182575 0.518688
272 -1.49671 -1.49208 -0.168998 0.557124
273 -1.5016 -1.46068 -0.155094 0.385472
274 -1.50629 -1.57806 -0.141383 0.585871
275 -1.51054 -1.49738 -0.127628 0.638225
276 -1.5144 -1.51713 -0.113868 0.424979
277 -1.51786 -1.52204 -0.100114 -0.0716258
278 -1.52079 -1.55092 -0.0862325 -0.0882562
279 -1.52346 -1.52908 -0.0724911 0.268914
280 -1.52566 -1.55623 -0.0587039 0.647108
281 -1.52732 -1.44855 -0.0447791 0.473674
282 -1.52858 -1.49305 -0.0308886 0.311213
283 -1.52958 -1.46417 -0.0171535 0.502589
284 -1.53017 -1.48031 -0.00344033 0.367027
285 -1.5304 -1.5608 0.0102168 0.38798
286 -1.53018 -1.5127 0.0238882 0.0554626
287 -1.52956 -1.51397 0.0375223 -0.00578811
288 -1.5283 -1.52415 0.0513669 0.124553
289 -1.52672 -1.50677 0.0650851 0.353864
290 -1.52494 -1.50477 0.0785542 0.126732
291 -1.52257 -1.50198 0.0921754 0.0803594
292 -1.51973 -1.57292 0.105817 -0.197951
293 -1.51653 -1.52941 0.119357 0.0732037
294 -1.51296 -1.44688 0.132813 0.629633
295 -1.50903 -1.48876 0.146176 0.448871
296 -1.50461 -1.5217 0.159575 0.241867
297 -1.49975 -1.48296 0.172948 0.0924833
298 -1.49443 -1.4554 0.186319 0.118018
299 -1.48884 -1.49182 0.199491 0.213962
300 -1.4829 -1.52745 0.212547 0.213317
301 -1.47641 -1.42716 0.225684 0.691174
302 -1.46965 -1.4275 0.238625 0.358818
303 -1.46246 -1.49015 0.251527 0.10091
304 -1.45491 -1.3513 0.264316 0.140904
305 -1.44708 -1.50425 0.276917 -0.257298
306 -1.43889 -1.35088 0.289403 -0.371317
307 -1.43007 -1.45714 0.30206 -0.358297
308 -1.42099 -1.44624 0.3145 -0.453935
309 -1.41147 -1.49581 0.326902 -0.436492
310 -1.40162 -1.46552 0.339151 -0.69165
311 -1.39157 -1.37258 0.351138 -0.513969
312 -1.38103 -1.4661 0.363137 -0.384821
313 -1.37034 -1.4156 0.374814 -0.2304
314 -1.3591 -1.33548 0.386588 -0.248938
315 -1.3475 -1.39439 0.398238 -0.580692
316 -1.33553 -1.40361 0.409789 -0.497074
317 -1.32327 -1.26522 0.421165 -0.327381
318 -1.31055 -1.29794 0.432526 -0.374841
319 -1.29756 -1.35727 0.44369 -0.483798
320 -1.28434 -1.37892 0.454607 -0.407343
321 -1.27066 -1.28087 0.465525 -0.181062
322 -1.25674 -1.30439 0.476222 -0.474784
323 -1.24255 -1.26129 0.486723 -0.235164
324 -1.22788 -1.26224 0.497241 -0.350358
325 -1.21301 -1.24207 0.507501 -0.303202
326 -1.19773 -1.26532 0.517709 -0.500343
327 -1.1822 -1.25309 0.527714 -0.618638
328 -1.16636 -1.20437 0.537567 -0.376679
329 -1.15026 -1.04344 0.547231 0.0667288
330 -1.13371 -1.22524 0.556892 0.171627
331 -1.11684 -1.02845 0.566432 0.137861
332 -1.09974 -1.09231 0.575739 0.137039
333 -1.08244 -1.11007 0.584796 0.516151
334 -1.06494 -1.09113 0.593623 0.740964
335 -1.04717 -1.024 0.602279 0.866723
336 -1.02915 -0.988434 0.610746 0.939531
337 -1.01089 -0.974758 0.61903 0.489022
338 -0.992238 -1.0751 0.627282 0.506242
339 -0.973406 -1.03995 0.635285 0.263665
340 -0.954464 -0.937933 0.642975 0.490008
341 -0.935213 -0.907797 0.650563 0.274447
342 -0.915833 -0.996132 0.657867 0.368637
343 -0.896179 -0.915655 0.665041 0.814558
344 -0.876296 -0.932253 0.672041 0.837124
345 -0.856215 -0.876336 0.678839 1.0134
346 -0.835807 -0.797075 0.685569 1.11746
347 -0.815294 -0.823375 0.69201 1.18913
348 -0.79454 -0.819348 0.698303 1.03199
349 -0.773551 -0.746172 0.704446 0.752951
350 -0.75236 -0.720856 0.710409 0.790594
351 -0.731005 -0.707165 0.716157 0.902706
352 -0.709624 -0.66669 0.721559 1.18552
353 -0.687959 -0.664246 0.726881 0.980301
354 -0.666282 -0.720887 0.731853 0.99359
355 -0.64441 -0.693984 0.736668 0.804322
356 -0.622219 -0.510694 0.741453 1.25216
357 -0.600036 -0.52673 0.745881 0.905901
358 -0.57752 -0.647662 0.750302 0.774754
359 -0.555048 -0.558063 0.754337 0.574671
360 -0.532323 -0.479625 0.758296 0.472489
361 -0.509421 -0.443417 0.762102 0.0213165
362 -0.486448 -0.436902 0.765654 0.344829
363 -0.463549 -0.524986 0.768812 0.610283
364 -0.440624 -0.441827 0.771692 0.860933
365 -0.417317 -0.354052 0.774657 1.13442
366 -0.394074 -0.367977 0.777254 1.55805
367 -0.370869 -0.351222 0.779521 2.01574
368 -0.347502 -0.296648 0.781672 2.3095
369 -0.324002 -0.235559 0.783676 2.50875
370 -0.300442 -0.264671 0.785467 2.07428
371 -0.276921 -0.187235 0.78695 2.02521
372 -0.253497 -0.165868 0.788077 2.18424
373 -0.229954 -0.214665 0.789077 2.29414
374 -0.206114 -0.147686 0.79013 1.96172
375 -0.18244 -0.157734 0.790771 1.97854
376 -0.158762 -0.0674156 0.791181 2.1107
377 -0.134958 -0.169677 0.791492 2.05763
378 -0.111091 -0.0495729 0.791642 2.46287
379 -0.087293 -0.128951 0.791503 2.28682
380 -0.0634584 -0.0332319 0.79119 2.16938
381 -0.0396533 0.036739 0.790644 2.22739
382 -0.0159431 0.00951772 0.789806 2.38824
383 0.00752034 0.0972433 0.788534 2.16142
384 0.031291 0.133422 0.787398 2.45241
385 0.0551258 0.134162 0.786148 2.49582
386 0.0787764 0.137384 0.784539 2.99189
387 0.10245 0.133426 0.782791 2.79705
388 0.125866 0.232994 0.780627 2.88632
389 0.149211 0.207951 0.778249 2.92382
390 0.17247 0.253234 0.775651 2.84828
391 0.195713 0.205241 0.772908 3.04092
392 0.218939 0.28676 0.770026 3.28179
393 0.241818 0.337333 0.766679 3.02217
394 0.264833 0.402521 0.763367 2.80309
395 0.287648 0.358116 0.759752 2.78275
396 0.310344 0.315349 0.755927 2.70147
397 0.333105 0.380229 0.752084 2.46929
398 0.355579 0.355546 0.747869 2.26594
399 0.377893 0.402065 0.743425 2.27157
400 0.400179 0.372297 0.738893 1.98134
401 0.422435 0.50365 0.734272 2.4048
402 0.444519 0.445145 0.729424 2.49932
403 0.466224 0.556037 0.724152 2.88786
404 0.487795 0.538217 0.718715 3.02363
405 0.509397 0.547442 0.713288 3.16638
406 0.530874 0.62737 0.707712 3.07715
407 0.551929 0.550995 0.701696 2.90103
408 0.572896 0.755092 0.695592 3.1436
409 0.593771 0.634304 0.6894 3.07103
410 0.614519 0.729639 0.683088 2.69356
411 0.635144 0.792205 0.676665 2.93591
412 0.655473 0.716452 0.669963 2.99563
413 0.675458 0.704507 0.662945 2.67547
414 0.69543 0.757884 0.655955 2.9607
415 0.715256 0.757954 0.648859 2.91213
416 0.734714 0.790973 0.641441 2.89002
417 0.753981 0.797242 0.633891 2.88335
418 0.773023 0.968271 0.626179 3.43852
419 0.791945 0.891868 0.618419 2.98125
420 0.810495 0.842697 0.610361 2.68507
421 0.828719 0.863131 0.602065 2.47772
422 0.846797 0.900194 0.593719 2.41996
423 0.864605 0.901823 0.585203 2.4852
424 0.882129 0.967287 0.576512 2.81069
425 0.899557 0.95501 0.567841 2.51166
426 0.916778 0.935108 0.559079 2.43297
427 0.933538 0.973651 0.549978 2.18336
428 0.949951 0.98078 0.540664 1.8592
429 0.966049 0.966311 0.531182 1.51798
430 0.982007 1.05212 0.521713 1.30303
431 0.997639 1.01252 0.512072 1.09063
432 1.01289 1.07207 0.502216 1.17309
433 1.02791 1.10521 0.492302 1.17118
434 1.04282 1.07111 0.482448 1.1494
435 1.05718 1.05098 0.472232 0.874975
436 1.07127 1.08852 0.46193 0.924245
437 1.08521 1.05353 0.451676 1.19303
438 1.09875 1.21832 0.441224 1.45566
439 1.11193 1.11434 0.430617 1.71309
440 1.1249 1.16846 0.420012 1.63844
441 1.13761 1.22492 0.409372 1.17808
442 1.14988 1.22715 0.398502 1.09002
443 1.16176 1.18053 0.38748 1.17764
444 1.1734 1.20614 0.376464 1.33561
445 1.18461 1.17797 0.365249 1.30413
446 1.19552 1.21922 0.353997 1.562
447 1.20616 1.21783 0.342719 1.38668
448 1.21637 1.27905 0.331278 1.70236
449 1.22637 1.20174 0.319903 1.62723
450 1.23595 1.26885 0.308369 1.81105
451 1.24539 1.30345 0.296967 2.01874
452 1.25439 1.34392 0.285401 1.78199
453 1.2629 1.24775 0.273634 1.63255
454 1.27107 1.33138 0.261819 1.55063
455 1.27881 1.28116 0.249871 1.59971
456 1.28629 1.30929 0.23797 1.42509
457 1.29325 1.28673 0.225861 1.94768
458 1.3 1.32449 0.213857 1.93916
459 1.30654 1.31871 0.201964 1.9645
460 1.31261 1.35497 0.189912 1.96154
461 1.31812 1.38255 0.177626 1.4505
462 1.32333 1.27399 0.165373 1.46729
463 1.32824 1.33539 0.153168 1.44568
464 1.33293 1.37554 0.141076 1.4521
465 1.33717 1.37354 0.128876 1.47896
466 1.34105 1.36506 0.116664 1.52769
467 1.3445 1.35284 0.10437 1.64927
468 1.34754 1.44706 0.0920221 1.60402
469 1.35048 1.4567 0.0799354 1.60707
470 1.35303 1.40276 0.0678093 1.58426
471 1.35513 1.34575 0.0555971 1.46365
472 1.35688 1.35722 0.043396 1.43748
473 1.35817 1.4403 0.0311088 1.34046
474 1.35912 1.37999 0.0188587 1.07492
475 1.35964 1.38294 0.00655219 1.44551
476 1.35997 1.46275 -0.00556131 1.75302
477 1.35998 1.435 -0.0176143 1.86097
478 1.35963 1.44724 -0.0296544 1.7594
479 1.35882 1.43316 -0.0417647 2.02151
480 1.35761 1.43034 -0.0538848 2.25072
481 1.35595 1.49859 -0.0660642 2.38758
482 1.3538 1.43861 -0.0783383 2.19001
483 1.35136 1.47972 -0.090499 2.10289
484 1.34872 1.41165 -0.10245 1.89857
485 1.34556 1.36629 -0.114522 1.86255
486 1.34216 1.36771 -0.126423 1.75074
487 1.33835 1.39995 -0.138331 1.88761
488 1.33427 1.42658 -0.150101 1.84684
489 1.32975 1.31661 -0.161899 1.84799
490 1.32489 1.37096 -0.173624 2.09108
491 1.31968 1.4592 -0.185286 2.42597
492 1.31418 1.32468 -0.196831 2.04878
493 1.30817 1.34189 -0.208473 1.88279
494 1.30204 1.43673 -0.219801 2.02883
495 1.29557 1.2888 -0.231072 1.69262
496 1.28856 1.34029 -0.242457 1.55517
497 1.28126 1.37273 -0.253722 1.38519
498 1.27355 1.30681 -0.264965 1.21549
499 1.26577 1.27219 -0.275861 0.945777
500 1.25759 1.3457 -0.286749 0.709012
501 1.24908 1.27482 -0.297548 0.314139
502 1.24009 1.27935 -0.308398 -0.362009
503 1.23079 1.22159 -0.31915 -0.532712
504 1.22134 1.12462 -0.329627 -0.813867
505 1.21151 1.21194 -0.340066 -0.987485
506 1.20127 1.16236 -0.350489 -1.45537
507 1.19111 1.13381 -0.36042 -1.74797
508 1.18022 1.15734 -0.370676 -1.32335
509 1.16902 1.08207 -0.380828 -1.15646
510 1.15768 1.11111 -0.390688 -1.56809
511 1.14621 1.13263 -0.400275 -1.44389
512 1.13422 1.07836 -0.409972 -1.13003
513 1.1215 1.00011 -0.419984 -1.53274
514 1.10879 1.0283 -0.429556 -1.84719
515 1.09598 1.09204 -0.43882 -1.54926
516 1.08293 1.06785 -0.447912 -0.996721
517 1.06952 1.03237 -0.456957 -0.963685
518 1.05577 1.00838 -0.465934 -1.02822
519 1.04177 1.00209 -0.474764 -1.12505
520 1.02759 1.02798 -0.483364 -1.11511
521 1.01335 1.02092 -0.491624 -1.00459
522 0.998298 0.958614 -0.50031 -0.981156
523 0.983149 0.972666 -0.508684 -1.07396
524 0.967794 0.944574 -0.516864 -1.376
525 0.952353 1.0214 -0.524734 -1.5284
526 0.936642 0.923593 -0.532487 -1.67276
527 0.920459 0.917158 -0.540327 -1.83799
528 0.904211 0.920192 -0.547838 -1.78625
529 0.887605 0.810535 -0.555325 -1.53273
530 0.870972 0.803613 -0.562454 -1.67009
531 0.854097 0.850789 -0.569451 -1.45432
532 0.836953 0.761856 -0.576344 -1.52539
533 0.81956 0.758156 -0.583114 -1.18837
534 0.801913 0.774632 -0.58977 -1.09711
535 0.784094 0.806723 -0.596228 -0.857504
536 0.766276 0.792962 -0.602321 -1.09014
537 0.748171 0.748793 -0.60835 -1.16772
538 0.729954 0.68932 -0.614137 -1.55092
539 0.711576 0.742716 -0.61974 -1.7525
540 0.692891 0.674767 -0.625307 -1.91693
541 0.674189 0.670175 -0.630548 -2.21667
542 0.65523 0.613367 -0.635713 -2.11461
543 0.636146 0.604977 -0.640669 -1.94871
544 0.616966 0.536968 -0.645393 -2.1398
545 0.597551 0.507308 -0.650031 -2.19323
546 0.578031 0.603709 -0.654453 -1.84263
547 0.55831 0.522374 -0.658761 -1.89096
548 0.538422 0.532189 -0.662922 -1.70723
549 0.518693 0.53278 -0.666615 -1.6474
550 0.498664 0.445212 -0.670314 -1.73374
551 0.478535 0.414657 -0.673816 -2.05469
552 0.458311 0.461049 -0.677121 -1.79238
553 0.437939 0.427103 -0.680289 -1.88897
554 0.417676 0.369301 -0.683065 -1.84892
555 0.397208 0.445632 -0.685775 -2.02324
556 0.376607 0.344052 -0.68835 -2.14814
557 0.355933 0.277581 -0.69073 -2.00879
558 0.335072 0.298859 -0.693036 -2.0859
559 0.314102 0.266364 -0.695191 -2.0149
560 0.293136 0.253558 -0.697085 -1.90554
561 0.272344 0.287834 -0.698557 -1.45412
562 0.251448 0.232887 -0.6999 -1.38309
563 0.230485 0.177913 -0.701079 -1.35638
564 0.209303 0.247467 -0.702252 -1.30981
565 0.188283 0.116312 -0.703034 -1.28142
566 0.167209 0.195415 -0.703658 -1.1471
567 0.146001 0.135775 -0.704205 -1.32966
568 0.124949 0.108683 -0.704389 -1.53128
569 0.103878 0.120745 -0.704396 -1.62157
570 0.0827347 0.0604055 -0.704286 -1.95123
571 0.0616865 0.0316089 -0.703893 -1.86401
572 0.0406011 0.0113773 -0.703361 -1.5596
573 0.0194891 -0.0802654 -0.702683 -1.83744
574 -0.00165723 0.00583263 -0.70187 -1.85189
575 -0.0226319 -0.0382947 -0.700721 -1.77216
576 -0.0435404 -0.0455008 -0.699353 -1.72632
577 -0.0643775 -0.0675915 -0.697769 -1.57579
578 -0.0855457 -0.0968079 -0.696378 -1.5303
579 -0.106419 -0.134783 -0.694546 -1.79643
580 -0.127132 -0.149267 -0.692422 -1.55734
581 -0.14781 -0.175635 -0.690145 -1.7143
582 -0.168579 -0.18943 -0.687843 -2.14977
583 -0.189151 -0.154017 -0.685232 -2.12795
584 -0.209694 -0.271585 -0.682488 -1.88179
585 -0.230246 -0.233918 -0.679654 -1.78515
586 -0.250616 -0.284282 -0.676543 -1.81746
587 -0.27082 -0.35039 -0.67318 -1.78817
588 -0.291068 -0.310294 -0.669785 -1.71179
589 -0.311337 -0.284386 -0.666337 -1.62102
590 -0.331398 -0.358831 -0.662606 -1.84539
591 -0.351433 -0.340036 -0.658786 -1.8471
592 -0.371245 -0.471862 -0.654684 -1.80254
593 -0.390979 -0.47466 -0.650454 -2.04236
594 -0.410463 -0.519006 -0.64593 -2.33879
595 -0.429783 -0.505746 -0.641209 -2.09262
596 -0.448879 -0.450063 -0.636239 -2.14015
597 -0.46792 -0.563244 -0.631198 -2.22559
598 -0.486821 -0.474885 -0.626005 -2.15199
599 -0.505551 -0.544827 -0.620634 -2.40606
600 -0.524326 -0.640383 -0.61531 -2.44437
601 -0.542796 -0.487191 -0.609678 -2.58754
602 -0.56115 -0.573996 -0.603943 -2.45127
603 -0.5791 -0.613144 -0.597817 -2.12682
604 -0.597043 -0.661126 -0.591718 -2.05158
605 -0.614847 -0.589755 -0.58551 -2.13935
606 -0.632468 -0.683741 -0.579153 -1.81589
607 -0.649925 -0.670004 -0.572674 -1.70917
608 -0.667318 -0.746077 -0.566179 -1.7585
609 -0.684287 -0.759948 -0.559308 -1.49418
610 -0.701098 -0.681278 -0.552342 -1.58941
611 -0.717679 -0.736423 -0.545214 -1.67599
612 -0.734017 -0.731733 -0.537919 -1.7081
613 -0.750151 -0.781166 -0.530502 -1.98692
614 -0.766058 -0.86514 -0.522946 -1.95151
615 -0.781929 -0.839759 -0.515451 -2.17434
616 -0.797413 -0.846555 -0.507661 -1.97319
617 -0.812497 -0.846116 -0.499576 -1.59717
618 -0.827384 -0.881809 -0.491414 -1.30983
619 -0.842192 -0.885681 -0.483296 -1.49468
620 -0.85678 -0.862427 -0.475081 -1.43384
621 -0.871056 -0.913595 -0.466681 -1.03943
622 -0.885068 -0.849201 -0.458153 -0.503481
623 -0.89861 -0.876306 -0.449297 -0.940152
624 -0.912147 -0.939536 -0.440594 -0.297802
625 -0.925255 -0.940028 -0.431614 -0.86073
626 -0.938195 -1.05906 -0.422631 -1.28394
627 -0.950566 -1.03613 -0.413246 -1.10355
628 -0.962943 -0.973402 -0.40405 -0.964151
629 -0.975285 -0.950673 -0.394998 -1.03551
630 -0.987058 -1.05066 -0.385551 -1.35457
631 -0.998584 -0.951399 -0.376048 -1.25763
632 -1.0097 -1.07742 -0.366329 -1.05946
633 -1.02079 -1.11987 -0.356792 -0.857127
634 -1.03149 -1.01164 -0.347072 -0.511445
635 -1.0418 -1.13729 -0.337165 -0.527581
636 -1.05198 -1.09298 -0.327342 -0.301602
637 -1.06192 -1.11936 -0.317508 -0.270964
638 -1.07172 -1.08423 -0.307745 0.0853499
639 -1.08108 -1.08685 -0.297769 0.0149069
640 -1.08995 -1.07555 -0.287528 0.403654
641 -1.09851 -1.1771 -0.277226 0.463479
642 -1.10685 -1.02675 -0.266948 0.67628
643 -1.11476 -1.08094 -0.256482 0.707479
644 -1.12227 -1.1325 -0.24588 0.768681
645 -1.12962 -1.09004 -0.235382 0.67796
646 -1.13683 -1.14157 -0.225017 0.89157
647 -1.14353 -1.23692 -0.214392 0.775722
648 -1.14998 -1.17589 -0.203798 0.677828
649 -1.15606 -1.19331 -0.193114 0.549556
650 -1.16187 -1.10158 -0.182429 0.96291
651 -1.1674 -1.1238 -0.171758 0.56701
652 -1.1726 -1.05951 -0.161042 0.521639
653 -1.17737 -1.14898 -0.150189 0.184729
654 -1.18194 -1.15193 -0.13943 0.232482
655 -1.18623 -1.14618 -0.128686 0.0588718
656 -1.19017 -1.16211 -0.117897 -0.222379
657 -1.19372 -1.18972 -0.107022 -0.406364
658 -1.19691 -1.17811 -0.0961012 -0.233367
659 -1.19982 -1.10762 -0.0852111 0.180781
660 -1.20249 -1.13811 -0.0743979 -0.0881501
661 -1.20473 -1.20985 -0.0634667 0.175102
662 -1.2067 -1.20067 -0.0525982 -0.347948
663 -1.20837 -1.25488 -0.0417567 -0.340466
664 -1.20963 -1.13513 -0.0308239 -0.438465
665 -1.21048 -1.18087 -0.0198141 -0.502516
666 -1.21102 -1.25024 -0.00884057 -0.540158
667 -1.21122 -1.20902 0.00214061 -0.428973
668 -1.21111 -1.16771 0.0130828 -0.398923
669 -1.21084 -1.29287 0.0238449 -0.304325
670 -1.21001 -1.17356 0.0348154 0.209361
671 -1.20888 -1.3248 0.045744 -0.364196
672 -1.20754 -1.23488 0.0565255 -0.0893111
673 -1.20575 -1.23047 0.0674006 -0.0810207
674 -1.20371 -1.18407 0.0781701 0.0897849
675 -1.2015 -1.17508 0.0887525 0.329602
676 -1.19895 -1.21713 0.0993173 0.30598
677 -1.19605 -1.24176 0.109881 0.374335
678 -1.19265 -1.15709 0.120585 0.135273
679 -1.189 -1.17111 0.131172 -0.170728
680 -1.18533 -1.21236 0.141407 -0.131606
681 -1.18111 -1.138 0.151844 -0.0769399
682 -1.17637 -1.18368 0.162429 -0.394509
683 -1.17152 -1.17702 0.172746 0.0146709
684 -1.16642 -1.16259 0.182948 -0.0735092
685 -1.16109 -1.17968 0.193013 -0.136124
686 -1.15534 -1.07521 0.203133 0.234442
687 -1.14942 -1.13233 0.213058 0.450813
688 -1.14294 -1.12794 0.223165 0.354786
689 -1.1363 -1.13291 0.233069 0.630224
690 -1.12919 -1.11004 0.243061 0.327709
691 -1.12162 -1.14071 0.25314 0.381491
692 -1.11389 -1.11423 0.262983 0.553488
693 -1.10612 -1.13066 0.2725 0.349748
694 -1.09791 -1.01886 0.282081 0.357933
695 -1.08951 -1.01297 0.291473 0.497521
696 -1.08082 -1.0188 0.300791 0.563458
697 -1.07196 -1.04117 0.309906 0.975378
698 -1.06273 -1.01879 0.319021 1.09186
699 -1.05322 -1.02393 0.328047 1.13466
700 -1.04331 -1.01131 0.337102 1.17821
701 -1.03349 -0.971079 0.345687 1.06351
702 -1.02319 -0.948188 0.354404 1.28521
703 -1.01252 -1.00942 0.363117 0.992302
704 -1.00152 -1.00872 0.371786 0.726401
705 -0.990433 -0.985662 0.38018 0.642235
706 -0.978962 -0.970196 0.388589 0.820281
707 -0.967143 -0.993852 0.396978 0.998327
708 -0.955165 -0.861357 0.405155 0.916865
709 -0.943042 -0.935878 0.413113 0.895486
710 -0.930569 -0.855096 0.42106 1.20341
711 -0.917911 -0.815655 0.42883 1.26781
712 -0.904899 -0.893769 0.436595 1.51607
713 -0.891898 -0.906583 0.443987 1.3448
714 -0.878452 -0.812043 0.451474 1.40062
715 -0.864855 -0.87628 0.458757 1.47408
716 -0.851163 -0.810235 0.465781 1.74762
717 -0.837239 -0.821685 0.472693 1.61164
718 -0.82321 -0.779368 0.479368 1.49691
719 -0.808842 -0.824035 0.486044 1.56699
720 -0.794372 -0.765676 0.492484 1.81642
721 -0.779671 -0.738308 0.498821 1.94826
722 -0.764631 -0.728604 0.505165 1.92743
723 -0.74937 -0.691795 0.511395 1.90291
724 -0.734059 -0.651207 0.517341 1.80624
725 -0.718684 -0.623055 0.523027 1.8959
726 -0.70301 -0.6155 0.528693 2.06941
727 -0.687099 -0.622692 0.534278 2.25889
728 -0.670967 -0.59958 0.539763 2.23698
729 -0.654732 -0.592938 0.545035 1.93422
730 -0.638397 -0.654155 0.550094 1.92452
731 -0.621862 -0.634027 0.555046 1.95236
732 -0.605171 -0.538411 0.559851 2.24315
733 -0.58837 -0.444997 0.564462 2.56593
734 -0.571352 -0.560805 0.568995 2.13935
735 -0.554268 -0.460738 0.573298 2.40267
736 -0.537188 -0.466732 0.577308 2.46343
737 -0.51991 -0.361851 0.581235 2.30778
738 -0.502444 -0.440663 0.585071 2.70887
739 -0.484924 -0.513068 0.588683 2.4154
740 -0.467396 -0.383347 0.592033 2.63647
741 -0.449443 -0.402366 0.595544 2.33076
742 -0.431524 -0.390954 0.598748 1.78091
743 -0.413587 -0.346844 0.601708 1.34171
744 -0.395592 -0.348536 0.604471 1.0709
745 -0.37738 -0.245694 0.607203 0.891151
746 -0.359147 -0.335431 0.609705 0.862064
747 -0.34076 -0.427637 0.612119 0.702377
748 -0.322481 -0.314011 0.614183 0.524261
749 -0.30418 -0.291563 0.616039 0.424639
750 -0.285758 -0.34462 0.617794 0.451179
751 -0.267244 -0.369612 0.619419 0.265508
752 -0.248522 -0.193521 0.621035 0.400897
753 -0.229828 -0.215279 0.622403 0.312702
754 -0.211125 -0.238256 0.623569 0.39876
755 -0.192623 -0.219201 0.624328 0.0659189
756 -0.173747 -0.256637 0.625272 -0.181296
757 -0.155146 -0.171354 0.62574 -0.685723
758 -0.136447 -0.163467 0.626125 -0.971096
759 -0.117643 -0.142148 0.626433 -0.76193
760 -0.0988487 -0.0983815 0.626554 -0.665989
761 -0.0801609 -0.0435668 0.626395 -0.812154
762 -0.0613885 -0.124952 0.626158 -1.06264
763 -0.0424726 -0.0368904 0.625902 -1.13661
764 -0.0235945 -0.0842697 0.625446 -1.40972
765 -0.0048213 -0.0572967 0.62473 -1.3277
766 0.0140019 -0.0377529 0.623918 -1.26902
767 0.032652 -0.0924096 0.622789 -1.32655
768 0.0512946 0.00154085 0.62152 -1.17727
769 0.0699621 0.0638005 0.620147 -1.34351
770 0.0886782 -0.0567701 0.618699 -1.47925
771 0.10734 0.0492212 0.617074 -1.2181
772 0.125714 0.0535448 0.615044 -0.985733
773 0.144205 0.130216 0.61303 -1.16441
774 0.162626 0.126757 0.610842 -1.17285
775 0.180844 0.157581 0.608356 -1.09146
776 0.19903 0.203665 0.605751 -1.0189
777 0.217226 0.247409 0.603074 -1.0385
778 0.235341 0.118915 0.600237 -0.961378
779 0.253389 0.182907 0.59726 -0.723334
780 0.271134 0.195727 0.59391 -0.983668
781 0.288974 0.296849 0.590602 -1.06924
782 0.30674 0.237958 0.587163 -1.3869
783 0.324355 0.286711 0.583522 -1.41455
784 0.341744 0.243659 0.57961 -1.26286
785 0.359228 0.324533 0.575762 -0.936828
786 0.376524 0.383367 0.571688 -0.924816
787 0.393599 0.314201 0.567366 -0.949365
788 0.410446 0.427632 0.562799 -1.12828
789 0.427312 0.389778 0.558242 -0.965744
790 0.443808 0.459989 0.553308 -0.793514
791 0.460317 0.308405 0.548394 -1.36422
792 0.47683 0.403634 0.543489 -0.907538
793 0.493193 0.39799 0.538441 -1.22218
794 0.509392 0.482066 0.53324 -1.06331
795 0.525355 0.488221 0.527822 -1.17908
796 0.541172 0.427208 0.522284 -1.11424
797 0.556843 0.527531 0.516633 -0.892038
798 0.572289 0.556402 0.510793 -0.992822
799 0.587664 0.511154 0.504927 -1.15866
800 0.6028 0.574303 0.498869 -0.867936
801 0.617824 0.600576 0.492754 -0.501856
802 0.63271 0.578103 0.486557 -0.486487
803 0.64723 0.594907 0.480056 -0.312484
804 0.661594 0.633618 0.473474 -0.168993
805 0.675896 0.588195 0.466907 -0.392224
806 0.689674 0.732793 0.459895 -0.470807
807 0.703415 0.679984 0.452942 -0.242001
808 0.717006 0.729287 0.445934 -0.574103
809 0.730278 0.707538 0.438707 0.0192013
810 0.743553 0.673767 0.431589 0.247777
811 0.756478 0.692455 0.424228 0.0908354
812 0.769251 0.726905 0.416829 -0.321953
813 0.781779 0.762995 0.409304 -0.546992
814 0.794004 0.82814 0.401599 -0.493488
815 0.805902 0.783521 0.393701 -0.370387
816 0.817572 0.858105 0.385717 -0.30362
817 0.829173 0.770078 0.37781 -0.366579
818 0.840606 0.913833 0.369879 0.0785839
819 0.851722 0.859508 0.361778 0.276153
820 0.862387 0.832857 0.353381 0.646683
821 0.872882 0.891813 0.344983 0.87459
822 0.883329 0.911051 0.336708 0.906989
823 0.893515 0.88771 0.328338 0.752545
824 0.903377 0.946494 0.319815 0.601061
825 0.912899 0.840966 0.311133 0.817241
826 0.922193 0.884395 0.30241 0.726032
827 0.931284 0.917353 0.293675 0.810076
828 0.940181 0.920408 0.284939 0.666848
829 0.948793 1.00003 0.276115 0.685644
830 0.957156 1.04913 0.267241 1.03776
831 0.965054 1.09203 0.258106 1.60786
832 0.972665 1.02976 0.248902 1.33018
833 0.980043 1.04423 0.239685 1.5236
834 0.987249 0.977347 0.230521 1.50252
835 0.994178 1.05541 0.221303 1.66383
836 1.00065 1.07721 0.211853 1.83338
837 1.00696 1.10599 0.202489 1.60319
838 1.01319 1.01061 0.193273 1.36753
839 1.01902 1.04061 0.183904 1.41169
840 1.02472 1.04476 0.174635 0.840171
841 1.02986 1.1337 0.165052 0.538762
842 1.03482 1.06015 0.155546 0.0602271
843 1.0394 1.09187 0.145912 -0.345874
844 1.04384 1.03354 0.136398 -0.452799
845 1.04803 1.08543 0.126899 -0.27481
846 1.05196 1.04315 0.117401 -0.203847
847 1.0554 1.02876 0.107668 -0.345549
848 1.05865 1.05349 0.0980349 -0.112686
849 1.06164 0.993272 0.0884024 -0.129986
850 1.06424 1.0528 0.0786724 -0.131557
851 1.06651 1.10173 0.0688782 0.293398
852 1.06845 1.10488 0.0590506 0.200666
853 1.07011 1.12554 0.0492329 -0.168993
854 1.07163 1.13558 0.0395719 -0.304247
855 1.07277 1.09753 0.0298291 -0.440578
856 1.07375 1.03494 0.0202079 -0.293017
857 1.07438 0.977992 0.010535 -0.271443
858 1.07476 1.12093 0.000922111 -0.232964
859 1.07483 1.11547 -0.00871756 -0.405219
860 1.07466 1.12586 -0.0182859 -0.615256
861 1.07404 1.05277 -0.0279961 -0.41783
862 1.07318 1.00075 -0.0376393 -0.441992
863 1.07198 1.0826 -0.0473161 -0.542292
864 1.07062 1.12434 -0.0568374 -0.767977
865 1.06906 1.06089 -0.0662361 -0.699409
866 1.06704 1.07606 -0.0757922 -0.896641
867 1.06486 0.935186 -0.085186 -1.14562
868 1.06233 1.05653 -0.0946171 -0.876346
869 1.05938 1.05638 -0.104153 -0.701015
870 1.05622 1.03304 -0.113566 -0.907726
871 1.05276 1.01212 -0.122955 -1.16257
872 1.04906 0.961207 -0.132254 -1.25667
873 1.04512 0.980508 -0.141467 -1.37405
874 1.04096 1.06864 -0.150585 -1.20105
875 1.03655 1.00339 -0.15962 -1.44148
876 1.03182 1.01649 -0.16865 -1.47095
877 1.02682 1.03813 -0.177617 -1.49948
878 1.02152 0.937903 -0.186568 -1.198
879 1.01584 1.01442 -0.195559 -1.61095
880 1.01001 0.925614 -0.204373 -1.77072
881 1.00391 1.00302 -0.213124 -1.67327
882 0.997272 1.01803 -0.222088 -1.25557
883 0.990576 0.909727 -0.230763 -1.5161
884 0.983604 1.06392 -0.239382 -1.28368
885 0.976362 0.917227 -0.247936 -1.66777
886 0.968772 0.895887 -0.256503 -1.9886
887 0.960939 0.905137 -0.264975 -2.40685
888 0.953041 0.872566 -0.273175 -2.30055
889 0.944868 0.875858 -0.28132 -2.51798
890 0.936614 0.899664 -0.289217 -2.42932
891 0.927895 0.901808 -0.297254 -2.32039
892 0.918954 0.827835 -0.305183 -1.90701
893 0.909759 0.751986 -0.313035 -2.04759
894 0.900346 0.800273 -0.320776 -1.96974
895 0.890635 0.865801 -0.328485 -1.8991
896 0.880877 0.829293 -0.335912 -1.88888
897 0.870764 0.830093 -0.343371 -1.67642
898 0.860389 0.877344 -0.350767 -1.49062
899 0.849846 0.849219 -0.358004 -1.52317
900 0.839089 0.757189 -0.365133 -1.64723
901 0.828113 0.794872 -0.372159 -1.70703
902 0.81689 0.742179 -0.379112 -1.2882
903 0.805565 0.80753 -0.385847 -1.61574
904 0.79422 0.747732 -0.392288 -1.44784
905 0.78233 0.816882 -0.398969 -1.22615
906 0.770486 0.762618 -0.405286 -1.05787
907 0.758298 0.726892 -0.411642 -1.05016
908 0.745842 0.701046 -0.417956 -1.36475
909 0.733302 0.744741 -0.424044 -1.45276
910 0.720428 0.721303 -0.430159 -1.14945
911 0.707458 0.722154 -0.436063 -0.952277
912 0.694529 0.688527 -0.441624 -0.828772
913 0.681444 0.667772 -0.447048 -1.36515
914 0.668145 0.672112 -0.452398 -1.31606
915 0.65479 0.672968 -0.457515 -0.980448
916 0.641 0.659872 -0.462787 -0.972821
917 0.627447 0.606799 -0.467531 -0.887306
918 0.613458 0.569546 -0.47244 -0.385323
919 0.599288 0.606281 -0.47725 -0.403196
920 0.585064 0.541336 -0.481834 -0.14639
921 0.570833 0.561984 -0.486152 -0.12056
922 0.556398 0.471956 -0.490411 -0.0473192
923 0.541654 0.541199 -0.494715 -0.416285
924 0.52662 0.477208 -0.49904 -0.439001
925 0.511612 0.45722 -0.503068 -0.0529718
926 0.496443 0.474159 -0.506995 0.0174318
927 0.481218 0.500016 -0.510717 -0.0298454
928 0.465903 0.472716 -0.514276 -0.101654
929 0.450535 0.469014 -0.517637 0.00281536
930 0.434934 0.455874 -0.520988 -0.193487
931 0.41934 0.404115 -0.524085 -0.332427
932 0.403588 0.421538 -0.527102 -0.531774
933 0.387689 0.347345 -0.530029 -0.677296
934 0.371772 0.382847 -0.53274 -0.815557
935 0.3558 0.36977 -0.535277 -0.595433
936 0.339694 0.196362 -0.537724 -1.13988
937 0.323574 0.368505 -0.539963 -1.31482
938 0.307404 0.287596 -0.542036 -1.59897
939 0.291122 0.319973 -0.544011 -1.24306
940 0.274736 0.267113 -0.54588 -1.59612
941 0.258434 0.243657 -0.547459 -1.51772
942 0.242107 0.16543 -0.548868 -1.19289
943 0.225468 0.233893 -0.550397 -0.893607
944 0.208963 0.291085 -0.551593 -0.34305
945 0.192402 0.193953 -0.55266 -0.448145
946 0.175771 0.146479 -0.553613 -0.0788764
947 0.159153 0.110498 -0.554375 -0.300239
948 0.142439 0.114703 -0.555058 -0.40741
949 0.125651 0.143716 -0.555643 -0.305692
950 0.109089 0.115342 -0.555833 0.10794
951 0.0924186 0.169785 -0.555977 0.384545
952 0.0756531 0.0217718 -0.556061 0.0113812
953 0.0588985 0.127506 -0.555981 0.186611
954 0.0422828 -0.00299074 -0.555613 -0.154558
955 0.0256558 -0.00135945 -0.555119 -7.45117e-06
956 0.00910973 -0.0591814 -0.55441 -0.0665673
957 -0.00744444 -0.0801384 -0.553582 -0.265194
958 -0.0240974 -0.0847642 -0.55273 -0.768103
959 -0.0406857 0.0227214 -0.55169 -0.750735
960 -0.0573199 0.0182271 -0.55058 -0.797176
961 -0.0737064 -0.0444684 -0.549107 -0.925538
962 -0.0901109 -0.154493 -0.547552 -1.06773
963 -0.106421 -0.140293 -0.545803 -0.909542
964 -0.122708 -0.103257 -0.543939 -1.01478
965 -0.138852 -0.206094 -0.541845 -1.19844
966 -0.155144 -0.129581 -0.539819 -0.808439
967 -0.171433 -0.080708 -0.537707 -1.0576
968 -0.187734 -0.258529 -0.535528 -1.05687
969 -0.203792 -0.267502 -0.533028 -1.17657
970 -0.219785 -0.19493 -0.530396 -0.753898
971 -0.235798 -0.175879 -0.527723 -0.825317
972 -0.251749 -0.172528 -0.524928 -0.725893
973 -0.267587 -0.291149 -0.521966 -0.602018
974 -0.28336 -0.286756 -0.518889 -0.536125
975 -0.298937 -0.382757 -0.51557 -0.761953
976 -0.314272 -0.326684 -0.511975 -0.600074
977 -0.329603 -0.294118 -0.508349 -0.318612
978 -0.34488 -0.308623 -0.504647 -0.324302
979 -0.359937 -0.396579 -0.500704 -0.405266
980 -0.374977 -0.342454 -0.496732 -0.175398
981 -0.389902 -0.362979 -0.492636 -0.410761
982 -0.404728 -0.406599 -0.488435 -0.400577
983 -0.419397 -0.403667 -0.484075 -0.472698
984 -0.433974 -0.452557 -0.479629 -0.272147
985 -0.448238 -0.445493 -0.474879 -0.237589
986 -0.462452 -0.470973 -0.470101 -0.36074
987 -0.476361 -0.4534 -0.465039 -0.374919
988 -0.490349 -0.420236 -0.460091 -0.47053
989 -0.503974 -0.483216 -0.45481 -0.583339
990 -0.517718 -0.489696 -0.449691 -0.887661
991 -0.531243 -0.568947 -0.444392 -0.885263
992 -0.544637 -0.51119 -0.439007 -0.482495
993 -0.557853 -0.558346 -0.433492 -0.481214
994 -0.570784 -0.613981 -0.427748 -1.10493
995 -0.583443 -0.672284 -0.421795 -0.866003
996 -0.59616 -0.623412 -0.415975 -0.499191
997 -0.608681 -0.519907 -0.410027 -0.266248
998 -0.620978 -0.578442 -0.40393 0.140078
999 -0.633251 -0.620979 -0.397891 0.364205
