0 0 1 1 0
1 0.0300508 -0.0029373 0.998551 -0.0195133
2 0.0600091 0.0489676 0.996784 0.0986031
3 0.0899234 0.08214 0.99476 0.153226
4 0.119808 0.157514 0.9925 -0.108216
5 0.149646 0.136731 0.989996 -0.0313717
6 0.179184 0.123288 0.987003 0.0241186
7 0.208698 0.161712 0.983813 0.271125
8 0.238022 0.188085 0.980269 0.185889
9 0.267322 0.153743 0.976548 0.334091
10 0.29669 0.254763 0.972749 0.359796
11 0.3259 0.325851 0.968647 0.604563
12 0.354881 0.318908 0.964183 0.297027
13 0.383771 0.336276 0.959507 0.0733605
14 0.412448 0.393597 0.954506 0.216863
15 0.441189 0.347422 0.949468 0.109614
16 0.469836 0.516063 0.944236 -0.0785766
17 0.498173 0.489626 0.938601 -0.0581281
18 0.526352 0.453971 0.93273 -0.474717
19 0.554422 0.516809 0.926682 -0.575219
20 0.582204 0.547578 0.920284 -1.08447
21 0.609855 0.524755 0.913706 -0.43899
22 0.637295 0.645657 0.906875 0.340304
23 0.664561 0.652779 0.899839 0.0317875
24 0.69141 0.70287 0.892363 -0.548866
25 0.718076 0.635132 0.884696 -0.98295
26 0.744543 0.636153 0.876832 -1.08762
27 0.770985 0.67935 0.868954 -0.64834
28 0.79695 0.819789 0.860607 -0.62876
29 0.822781 0.777134 0.852157 -0.854365
30 0.84839 0.771892 0.843517 -1.19277
31 0.873705 0.8251 0.834626 -0.992356
32 0.898685 0.879943 0.825453 -1.17589
33 0.923503 0.858456 0.81618 -1.50688
34 0.948138 0.925911 0.806795 -0.843618
35 0.972366 0.921397 0.797075 -1.20226
36 0.996339 0.92245 0.787189 -1.36001
37 1.01986 1.02339 0.776945 -0.92927
38 1.0433 0.932494 0.766734 -1.04359
39 1.06634 1.08382 0.756228 -0.791738
40 1.08893 1.01156 0.745402 -0.716067
41 1.11121 1.03794 0.734407 -0.27174
42 1.13335 1.10109 0.723411 0.478965
43 1.1551 1.20315 0.712168 -0.0721328
44 1.17642 1.15714 0.700665 -0.240464
45 1.1974 1.1154 0.688986 -0.424487
46 1.21809 1.17907 0.67719 -0.185495
47 1.23837 1.20159 0.665181 -0.0869526
48 1.25839 1.26423 0.653103 0.165392
49 1.278 1.27892 0.640813 0.0978041
50 1.29726 1.2455 0.628387 -0.190519
51 1.31626 1.30841 0.61592 -0.417904
52 1.33476 1.25537 0.603167 -0.101127
53 1.35286 1.35642 0.59025 0.395797
54 1.37046 1.29606 0.577086 -0.204954
55 1.38789 1.29949 0.564002 0.28541
56 1.40479 1.37269 0.550643 0.501003
57 1.42138 1.36547 0.537245 0.754093
58 1.4375 1.44996 0.523657 0.692943
59 1.45315 1.47899 0.509871 0.59726
60 1.46857 1.43327 0.496149 0.650604
61 1.48337 1.53567 0.482104 0.892119
62 1.49786 1.50265 0.468056 0.990848
63 1.51221 1.51207 0.454182 1.07264
64 1.52566 1.63972 0.439722 1.31125
65 1.53874 1.44194 0.425214 1.03887
66 1.55156 1.55222 0.410794 1.35396
67 1.56379 1.60266 0.396118 1.0812
68 1.57559 1.51722 0.381366 1.21009
69 1.58708 1.54535 0.366663 1.09629
70 1.59804 1.64577 0.351785 1.51701
71 1.60865 1.66587 0.336936 1.28973
72 1.61882 1.60158 0.322012 0.740518
73 1.62843 1.6067 0.30691 1.08723
74 1.63768 1.5887 0.29184 0.749753
75 1.64652 1.67301 0.276748 0.721621
76 1.65489 1.74159 0.261582 0.665685
77 1.66269 1.77887 0.246249 0.89488
78 1.6699 1.65338 0.230736 0.388619
79 1.67682 1.62244 0.215361 0.366891
80 1.6834 1.68515 0.20006 0.430039
81 1.68935 1.73316 0.184561 0.39145
82 1.69479 1.68461 0.168982 0.777154
83 1.69992 1.70495 0.153541 0.854639
84 1.70448 1.76233 0.13796 1.35078
85 1.70859 1.71186 0.122388 1.47324
86 1.71228 1.74878 0.106837 1.56345
87 1.71546 1.76668 0.091247 1.94533
88 1.71833 1.77082 0.0758053 1.93305
89 1.72049 1.85905 0.0601106 1.84898
90 1.72221 1.68574 0.0444498 1.32092
91 1.72371 1.73405 0.0290557 1.49312
92 1.72464 1.86704 0.0135531 1.3521
93 1.72509 1.84779 -0.00194947 1.30482
94 1.72509 1.79242 -0.0174092 1.48337
95 1.72439 1.76564 -0.0330881 1.74353
96 1.72365 1.68893 -0.0483056 1.92675
97 1.72224 1.88299 -0.063708 2.21138
98 1.72036 1.77259 -0.0790748 1.99149
99 1.7179 1.79358 -0.0945316 2.07924
100 1.71509 1.78126 -0.109821 2.26736
101 1.71173 1.82195 -0.125157 1.99203
102 1.70792 1.76666 -0.140432 2.051
103 1.70388 1.75576 -0.155426 1.80877
104 1.69922 1.878 -0.17052 1.96426
105 1.69407 1.7971 -0.185595 2.41668
106 1.68857 1.76767 -0.200492 2.17854
107 1.68255 1.82025 -0.215391 2.77416
108 1.67587 1.73701 -0.230431 2.77037
109 1.66877 1.74025 -0.245353 2.69911
110 1.66154 1.69167 -0.259873 3.4477
111 1.65373 1.82216 -0.274455 4.14479
112 1.64536 1.82118 -0.289067 3.649
113 1.63648 1.6882 -0.303649 3.88682
114 1.62744 1.7361 -0.317846 3.20089
115 1.6181 1.78375 -0.331824 3.76344
116 1.60815 1.78692 -0.345889 3.29979
117 1.59774 1.74882 -0.359873 3.6469
118 1.58706 1.6417 -0.373601 2.83755
119 1.57584 1.73559 -0.387334 2.65336
120 1.56422 1.65493 -0.400936 2.77065
121 1.55216 1.6621 -0.414445 3.43569
122 1.53976 1.63755 -0.427756 3.5125
123 1.52695 1.70119 -0.440954 2.93777
124 1.51368 1.59333 -0.454075 2.83843
125 1.50005 1.65685 -0.467017 3.04366
126 1.48607 1.57729 -0.479789 3.30742
127 1.47166 1.5864 -0.492462 3.88853
128 1.457 1.52805 -0.504852 3.48549
129 1.44177 1.56184 -0.517298 4.16471
130 1.42608 1.54768 -0.529668 4.46494
131 1.4102 1.47353 -0.541693 3.84737
132 1.39382 1.52298 -0.553705 4.02138
133 1.37724 1.45525 -0.565391 3.46797
134 1.36023 1.50568 -0.57698 2.91797
135 1.34317 1.43486 -0.588107 2.87475
136 1.32577 1.51316 -0.599075 2.62142
137 1.30796 1.55745 -0.60994 2.72185
138 1.28971 1.46661 -0.620754 2.71357
139 1.27101 1.40017 -0.631509 2.5094
140 1.25216 1.33397 -0.641902 3.00203
141 1.23287 1.37667 -0.652241 3.16277
142 1.21341 1.29809 -0.66225 2.81816
143 1.19362 1.34488 -0.672098 3.00655
144 1.17339 1.2933 -0.681906 2.77357
145 1.15297 1.21757 -0.691403 2.58373
146 1.13231 1.23759 -0.700663 2.54726
147 1.1112 1.21497 -0.709893 2.47081
148 1.08984 1.11905 -0.718892 2.39774
149 1.06818 1.15541 -0.727718 2.25576
150 1.04632 1.10955 -0.736267 2.73031
151 1.02439 1.11059 -0.744424 2.42483
152 1.00197 1.19724 -0.75261 2.86637
153 0.979433 1.05253 -0.760458 2.76237
154 0.956509 1.05041 -0.768242 2.82916
155 0.933317 0.978557 -0.775843 2.25664
156 0.909885 0.992618 -0.783236 2.49413
157 0.886399 0.96334 -0.790238 2.58826
158 0.862548 0.992992 -0.797174 2.5288
159 0.838451 0.842956 -0.803924 2.5847
160 0.81406 0.773805 -0.810537 2.59142
161 0.789619 0.821245 -0.816773 2.59001
162 0.765087 0.809295 -0.822683 2.7602
163 0.740555 0.830204 -0.828186 2.72949
164 0.71571 0.876836 -0.833609 2.58096
165 0.690627 0.781365 -0.838874 2.0045
166 0.665494 0.685647 -0.843799 1.28485
167 0.640255 0.715518 -0.848447 1.78686
168 0.614773 0.707356 -0.852965 2.02966
169 0.589102 0.6474 -0.857301 2.13168
170 0.563542 0.640428 -0.861157 1.75651
171 0.537706 0.686582 -0.864939 2.0858
172 0.511575 0.574491 -0.868664 1.9276
173 0.485359 0.506037 -0.872121 2.25333
174 0.459064 0.502193 -0.875313 2.73927
175 0.432712 0.472163 -0.878224 2.77591
176 0.406066 0.48153 -0.8811 3.19968
177 0.379704 0.333167 -0.883362 2.47384
178 0.353176 0.511966 -0.885481 2.96203
179 0.326817 0.401935 -0.887126 2.4483
180 0.300211 0.463033 -0.888729 2.17343
181 0.273584 0.353871 -0.890064 2.20553
182 0.24678 0.338402 -0.891292 2.6255
183 0.220132 0.309232 -0.892086 2.40312
184 0.193284 0.294712 -0.892815 2.70357
185 0.166666 0.259453 -0.893048 2.5353
186 0.139742 0.304796 -0.893341 2.64178
187 0.112764 0.153465 -0.893436 2.35154
188 0.0858424 0.12133 -0.89323 1.72524
189 0.0590713 0.117435 -0.892637 2.14959
190 0.0323434 0.132891 -0.891778 2.3932
191 0.0056985 0.12007 -0.890623 2.67951
192 -0.021019 0.108466 -0.889337 2.53114
193 -0.0475175 0.0853796 -0.887632 2.33886
194 -0.0742041 0.0629223 -0.885931 2.24349
195 -0.100707 0.00833966 -0.883859 2.14511
196 -0.127233 0.0438433 -0.881638 2.04234
197 -0.153623 -0.0147133 -0.879111 1.39782
198 -0.179898 -0.0852743 -0.876311 1.17377
199 -0.206196 -0.104978 -0.873386 1.20285
200 -0.232455 -0.263683 -0.870278 1.50131
201 -0.258551 -0.206732 -0.866868 1.63538
202 -0.28451 -0.226552 -0.863194 1.66633
203 -0.310353 -0.195745 -0.859285 1.50465
204 -0.336242 -0.22646 -0.855314 1.59656
205 -0.36204 -0.353202 -0.851143 1.76346
206 -0.387746 -0.350365 -0.846779 1.77275
207 -0.413129 -0.444747 -0.842 1.51362
208 -0.43845 -0.283292 -0.837079 1.79395
209 -0.463519 -0.410889 -0.831834 1.32409
210 -0.488531 -0.410465 -0.826472 1.43372
211 -0.51323 -0.538996 -0.82074 1.44987
212 -0.537765 -0.534841 -0.814802 0.855198
213 -0.561919 -0.460363 -0.808451 0.910673
214 -0.586125 -0.450187 -0.802133 0.577577
215 -0.610245 -0.574578 -0.79571 1.06986
216 -0.634177 -0.597141 -0.789086 1.04674
217 -0.657779 -0.643601 -0.782124 1.30675
218 -0.681277 -0.611726 -0.775064 1.3909
219 -0.704412 -0.636533 -0.767654 1.39812
220 -0.727383 -0.646507 -0.760104 0.57518
221 -0.750261 -0.686217 -0.752492 0.914798
222 -0.772834 -0.772822 -0.744609 0.967673
223 -0.795224 -0.679504 -0.736588 1.57647
224 -0.817282 -0.799648 -0.728287 1.67885
225 -0.839044 -0.713526 -0.719752 2.07536
226 -0.860698 -0.745351 -0.711183 2.31353
227 -0.882034 -0.821543 -0.702371 2.22741
228 -0.90307 -0.808491 -0.693344 1.92649
229 -0.923621 -0.859338 -0.683927 1.74707
230 -0.944222 -0.734993 -0.674671 2.33136
231 -0.964402 -0.881198 -0.665101 2.11471
232 -0.984395 -0.8366 -0.655463 2.58487
233 -1.00403 -0.869564 -0.645596 2.85676
234 -1.02345 -0.845267 -0.635641 3.3044
235 -1.04255 -0.950804 -0.62551 3.35248
236 -1.06128 -1.00336 -0.61515 3.34008
237 -1.0798 -0.942968 -0.604743 3.42991
238 -1.09786 -0.979885 -0.594033 3.17528
239 -1.11567 -0.913793 -0.583249 2.50222
240 -1.13319 -1.04762 -0.572357 2.44295
241 -1.15037 -1.1074 -0.561307 2.84066
242 -1.16718 -1.12057 -0.550085 2.84634
243 -1.18349 -1.05369 -0.538557 3.12808
244 -1.19959 -1.04422 -0.527048 2.43401
245 -1.21541 -1.1707 -0.515472 1.52194
246 -1.23089 -1.17569 -0.503772 1.01171
247 -1.24609 -1.12494 -0.492027 1.6111
248 -1.26085 -1.23529 -0.480069 0.964969
249 -1.2752 -1.20984 -0.467952 1.34386
250 -1.28926 -1.19975 -0.455795 1.61608
251 -1.30287 -1.21479 -0.443446 1.21957
252 -1.3163 -1.25812 -0.431177 1.48053
253 -1.32913 -1.25822 -0.418582 1.36125
254 -1.34183 -1.28791 -0.406134 0.921902
255 -1.35414 -1.35264 -0.393574 0.623145
256 -1.36601 -1.39004 -0.380853 0.577019
257 -1.37744 -1.31345 -0.367998 1.07323
258 -1.38828 -1.3291 -0.354843 0.864788
259 -1.399 -1.3249 -0.3419 0.533232
260 -1.40927 -1.3917 -0.328805 0.8729
261 -1.41913 -1.42901 -0.315621 0.42547
262 -1.42863 -1.40166 -0.302411 0.566346
263 -1.43767 -1.41361 -0.289064 0.954364
264 -1.44645 -1.37268 -0.275803 0.764155
265 -1.45472 -1.39415 -0.262362 0.892443
266 -1.4626 -1.47211 -0.248888 0.509409
267 -1.47013 -1.42677 -0.235418 0.67055
268 -1.47716 -1.42582 -0.221802 0.774212
269 -1.48403 -1.41702 -0.208392 0.98342
270 -1.49042 -1.56415 -0.194858 0.659826
271 -1.49642 -1.54494 -0.181309 0.74063
272 -1.50191 -1.5397 -0.167613 0.635479
273 -1.50689 -1.48299 -0.153802 0.855796
274 -1.51139 -1.4671 -0.139889 0.583296
275 -1.51554 -1.46261 -0.126035 0.279332
276 -1.5193 -1.45707 -0.112179 0.077073
277 -1.52277 -1.49509 -0.0984422 0.0878848
278 -1.52569 -1.54895 -0.0845567 0.328739
279 -1.52821 -1.50213 -0.0706839 0.0857585
280 -1.5302 -1.48025 -0.0566985 -0.0929765
281 -1.53187 -1.51354 -0.0428028 -0.144749
282 -1.53312 -1.55558 -0.0289183 -0.308136
283 -1.5341 -1.56023 -0.0151929 -0.0866739
284 -1.53444 -1.56453 -0.00124671 -0.203579
285 -1.53444 -1.46913 0.0126025 0.120983
286 -1.53411 -1.54874 0.0263493 0.0731256
287 -1.53345 -1.60072 0.0399836 0.0629635
288 -1.53216 -1.61388 0.053813 -0.209646
289 -1.53059 -1.47746 0.0674728 0.287635
290 -1.52869 -1.57558 0.0810318 0.433273
291 -1.52628 -1.56641 0.0946454 0.229171
292 -1.52331 -1.52517 0.108365 0.723968
293 -1.52012 -1.49343 0.121858 0.552792
294 -1.51647 -1.5939 0.135346 0.702721
295 -1.51261 -1.5047 0.148591 1.00666
296 -1.50817 -1.56614 0.161965 0.615091
297 -1.5034 -1.46202 0.175206 1.06301
298 -1.49819 -1.49712 0.188424 0.900946
299 -1.49245 -1.48113 0.201714 1.37686
300 -1.48629 -1.44792 0.214953 1.631
301 -1.47976 -1.38595 0.228087 1.95086
302 -1.47296 -1.37411 0.241023 2.04096
303 -1.46571 -1.44333 0.253942 2.02613
304 -1.45804 -1.36429 0.266798 1.68534
305 -1.45008 -1.35697 0.279475 1.44896
306 -1.44175 -1.41504 0.292057 1.45368
307 -1.43304 -1.35373 0.304537 1.22244
308 -1.42386 -1.4108 0.317023 1.20318
309 -1.41434 -1.35459 0.329373 1.27432
310 -1.40447 -1.31456 0.341602 1.25265
311 -1.39427 -1.32895 0.353677 1.34436
312 -1.38362 -1.36966 0.365732 1.10428
313 -1.37259 -1.32684 0.377698 0.957466
314 -1.36149 -1.29885 0.389254 1.30416
315 -1.34985 -1.3464 0.400889 1.44443
316 -1.33778 -1.33003 0.412479 1.0328
317 -1.32541 -1.25608 0.423897 0.983866
318 -1.31259 -1.35098 0.435285 1.1166
319 -1.29953 -1.29048 0.446451 0.863296
320 -1.2862 -1.29726 0.457413 1.07913
321 -1.27258 -1.31608 0.468198 0.693259
322 -1.25847 -1.28436 0.479012 0.684582
323 -1.24408 -1.20207 0.489647 0.786536
324 -1.2293 -1.19562 0.500192 0.937917
325 -1.21429 -1.19165 0.510509 0.569018
326 -1.19912 -1.2164 0.520534 0.788215
327 -1.18353 -1.18178 0.530519 1.00727
328 -1.16771 -1.18346 0.540277 0.894807
329 -1.15142 -1.2038 0.550057 0.533758
330 -1.13494 -1.09278 0.559569 0.651301
331 -1.11812 -1.08836 0.56898 1.34902
332 -1.101 -1.04025 0.578237 1.38908
333 -1.08371 -0.97017 0.587228 1.31541
334 -1.066 -1.05202 0.596196 2.03633
335 -1.04801 -0.945165 0.604995 2.18832
336 -1.02972 -0.939559 0.613663 2.27537
337 -1.01139 -0.900306 0.621932 1.71852
338 -0.992951 -0.962873 0.629878 1.23225
339 -0.974139 -1.02493 0.637785 0.6519
340 -0.955095 -1.04922 0.645506 0.844718
341 -0.935732 -0.982862 0.653132 1.0739
342 -0.91595 -0.890662 0.660762 1.63423
343 -0.896051 -0.792691 0.66809 1.27784
344 -0.875956 -0.854597 0.675205 1.01856
345 -0.855708 -0.820431 0.682067 1.50019
346 -0.835146 -0.794143 0.688846 1.93804
347 -0.81458 -0.728499 0.695229 2.21562
348 -0.793867 -0.808051 0.701374 1.529
349 -0.772656 -0.740386 0.707637 0.716403
350 -0.751454 -0.638991 0.713502 1.08184
351 -0.730125 -0.730991 0.719119 1.15299
352 -0.708582 -0.775176 0.72458 1.65386
353 -0.687048 -0.696537 0.729668 1.36893
354 -0.665024 -0.697302 0.73489 1.50646
355 -0.642835 -0.54179 0.739915 1.72391
356 -0.620659 -0.475134 0.74457 1.83745
357 -0.598477 -0.57133 0.748884 1.53656
358 -0.575885 -0.618697 0.753272 1.00093
359 -0.55328 -0.444759 0.757333 0.910409
360 -0.530693 -0.501857 0.761043 0.547886
361 -0.5078 -0.58116 0.76474 0.410877
362 -0.484686 -0.501054 0.768334 0.590953
363 -0.461534 -0.406772 0.771645 -0.144242
364 -0.438432 -0.421835 0.774595 -0.130772
365 -0.415164 -0.484058 0.777409 0.108433
366 -0.391902 -0.450861 0.779919 -0.066765
367 -0.368518 -0.416983 0.782263 -0.524251
368 -0.345079 -0.418674 0.784377 -0.393954
369 -0.321604 -0.355766 0.78625 0.0895409
370 -0.297972 -0.283657 0.78801 0.0440412
371 -0.274411 -0.276766 0.789429 0.20033
372 -0.250803 -0.335397 0.790641 0.391397
373 -0.22695 -0.298557 0.791845 0.521399
374 -0.203147 -0.169176 0.792748 0.797596
375 -0.179267 -0.116141 0.793484 1.0216
376 -0.155417 -0.114688 0.793953 0.748605
377 -0.131604 -0.0846446 0.794156 0.404296
378 -0.107767 -0.128087 0.794161 0.272876
379 -0.0837275 -0.0589069 0.794155 0.329111
380 -0.0598389 -0.00707296 0.793781 0.392269
381 -0.0361343 -0.0142789 0.79302 0.122554
382 -0.0124304 -0.0427684 0.792069 0.796055
383 0.0114778 -0.00892038 0.791139 1.29761
384 0.0353243 0.0882126 0.789961 1.62397
385 0.0589624 0.14242 0.788398 1.22165
386 0.0824329 0.0855827 0.786503 1.85576
387 0.105896 0.141132 0.784449 1.88337
388 0.12925 0.0387371 0.782139 1.81481
389 0.15266 0.17015 0.779749 1.89621
390 0.175914 0.188464 0.777068 1.92191
391 0.199204 0.181603 0.774297 2.35622
392 0.222352 0.247039 0.771261 2.49589
393 0.245438 0.328814 0.768051 2.45811
394 0.268398 0.33034 0.764609 2.9108
395 0.291376 0.308748 0.761086 2.31573
396 0.31399 0.37317 0.757103 2.10182
397 0.336696 0.28086 0.753134 1.56737
398 0.35936 0.396838 0.749045 2.21811
399 0.381934 0.466271 0.74479 2.0273
400 0.404183 0.413396 0.74014 2.1514
401 0.42642 0.427816 0.735425 2.7258
402 0.448549 0.554197 0.730551 3.45838
403 0.470501 0.607244 0.725453 3.08757
404 0.492415 0.579515 0.720281 2.40855
405 0.514219 0.675433 0.714964 2.15063
406 0.535846 0.680772 0.709442 2.11274
407 0.55702 0.598441 0.703446 1.9196
408 0.578227 0.591356 0.697481 1.8903
409 0.599181 0.683927 0.691261 2.31998
410 0.620021 0.650937 0.684933 1.75845
411 0.640414 0.716502 0.678171 2.08168
412 0.660701 0.62773 0.671331 1.7356
413 0.680838 0.676943 0.664375 1.98644
414 0.700927 0.782122 0.657408 1.98136
415 0.720446 0.871355 0.649911 2.06772
416 0.739967 0.737284 0.642476 1.86347
417 0.759265 0.794043 0.634876 2.34049
418 0.778419 0.846369 0.627198 2.76513
419 0.797428 0.905191 0.619445 3.05194
420 0.815802 0.971648 0.611129 3.60983
421 0.834406 0.850977 0.603141 3.47563
422 0.852488 1.07049 0.594714 3.79088
423 0.870279 0.94847 0.586099 3.02248
424 0.887883 0.947553 0.577408 2.58825
425 0.905205 0.986886 0.568551 2.84988
426 0.922305 0.92237 0.559595 2.30361
427 0.939091 0.989663 0.550453 2.07093
428 0.95552 0.983839 0.541091 1.27238
429 0.971557 0.96697 0.531484 1.28128
430 0.987661 0.940132 0.522102 1.19399
431 1.00342 1.05413 0.512522 0.955202
432 1.01874 1.06208 0.502676 0.648661
433 1.03375 0.969656 0.492678 0.622868
434 1.04851 0.982206 0.482612 0.594124
435 1.06319 1.07838 0.472655 0.675524
436 1.07728 1.1799 0.462288 0.468853
437 1.09109 0.983274 0.451839 0.0696071
438 1.10468 1.02722 0.441377 0.274088
439 1.11797 1.11977 0.430822 0.698571
440 1.13083 1.11482 0.420052 0.649485
441 1.14362 1.18838 0.409428 0.803177
442 1.15587 1.25202 0.398496 0.5338
443 1.16789 1.14318 0.387555 0.0567373
444 1.1795 1.11868 0.376446 0.0905039
445 1.1907 1.217 0.365175 0.625044
446 1.20166 1.18704 0.353913 0.550274
447 1.21245 1.23841 0.342737 1.08057
448 1.22268 1.31826 0.331259 1.04842
449 1.23251 1.22717 0.319658 1.2067
450 1.24207 1.24515 0.308049 1.79122
451 1.25135 1.21186 0.29645 1.27263
452 1.26012 1.33511 0.28462 1.04887
453 1.26867 1.29747 0.272859 1.25162
454 1.27684 1.30443 0.261019 0.950042
455 1.28441 1.27376 0.248877 0.373356
456 1.29167 1.20374 0.236737 0.0150638
457 1.2988 1.26151 0.224789 -0.0134931
458 1.30554 1.26717 0.212756 -0.31651
459 1.31194 1.29365 0.200699 -0.0867373
460 1.31809 1.25188 0.188725 0.229745
461 1.32384 1.41479 0.176661 0.707603
462 1.32916 1.36806 0.164503 0.530953
463 1.33419 1.40146 0.152394 0.622359
464 1.33878 1.4253 0.140178 1.45275
465 1.34295 1.4596 0.127881 1.17693
466 1.34673 1.29643 0.115549 0.853754
467 1.35032 1.39328 0.103372 1.42539
468 1.35332 1.40671 0.0909689 1.83977
469 1.35602 1.43811 0.0786175 1.69472
470 1.35815 1.42239 0.0660708 1.20673
471 1.36006 1.33905 0.0536792 1.29687
472 1.362 1.35644 0.0416823 1.0846
473 1.36322 1.51722 0.0293366 1.49226
474 1.36402 1.4113 0.0169351 1.50618
475 1.36455 1.35089 0.00466368 1.53472
476 1.36448 1.43095 -0.00783817 2.45243
477 1.3644 1.34169 -0.0199551 1.84362
478 1.36372 1.51903 -0.0322803 2.10909
479 1.36268 1.4453 -0.0445833 1.51754
480 1.36144 1.40015 -0.0566776 1.24061
481 1.35989 1.37953 -0.0686927 1.14188
482 1.358 1.4357 -0.0806658 0.887859
483 1.35574 1.41915 -0.0926066 0.615212
484 1.3529 1.45923 -0.104725 0.332659
485 1.34984 1.33297 -0.116668 0.121374
486 1.34646 1.3433 -0.128519 -0.0184752
487 1.3426 1.36728 -0.140453 0.0127536
488 1.33838 1.35908 -0.152325 -0.244415
489 1.33359 1.37605 -0.164366 -0.0353657
490 1.32872 1.19402 -0.176055 -0.258551
491 1.32342 1.37109 -0.187769 -0.4777
492 1.31786 1.30593 -0.199333 -0.423205
493 1.31189 1.2984 -0.210875 -0.358753
494 1.30556 1.31549 -0.222377 0.0499899
495 1.29887 1.28165 -0.233812 -0.109222
496 1.29187 1.30037 -0.245138 0.11446
497 1.28457 1.28658 -0.256339 -0.187095
498 1.27672 1.3033 -0.267677 -0.342388
499 1.26876 1.23092 -0.278693 -0.241289
500 1.26046 1.30395 -0.289638 -0.107431
501 1.2516 1.28226 -0.30071 -0.607283
502 1.24259 1.17477 -0.311516 -0.728014
503 1.23318 1.24528 -0.3223 -0.821931
504 1.22336 1.2407 -0.333066 -0.470345
505 1.21338 1.10715 -0.343567 -1.59697
506 1.20318 1.15698 -0.353859 -1.41629
507 1.19264 1.17054 -0.364084 -0.886662
508 1.18173 1.21612 -0.374258 -0.385158
509 1.17049 1.1476 -0.384346 -0.536206
510 1.15886 1.15022 -0.394398 -0.664177
511 1.14691 1.11524 -0.404357 -1.03375
512 1.13477 1.09196 -0.414088 -1.42876
513 1.12224 1.08002 -0.423782 -1.52782
514 1.10945 1.06576 -0.433319 -2.01075
515 1.09632 1.02691 -0.442791 -1.64279
516 1.08301 0.912968 -0.452021 -2.1602
517 1.06955 1.00371 -0.460981 -1.91708
518 1.05581 1.02025 -0.469828 -2.18776
519 1.04171 1.02361 -0.478638 -2.55977
520 1.02751 0.944803 -0.487128 -3.08339
521 1.01289 0.996091 -0.495658 -3.19897
522 0.997893 0.934091 -0.504155 -3.12076
523 0.982851 0.847849 -0.512296 -3.33125
524 0.967492 0.886392 -0.520364 -3.34635
525 0.951906 0.878197 -0.528266 -2.98343
526 0.93594 0.8457 -0.536159 -2.80396
527 0.919797 0.800886 -0.543836 -2.87483
528 0.903493 0.802089 -0.551288 -2.19545
529 0.887006 0.835561 -0.55854 -2.52888
530 0.870178 0.847432 -0.565757 -2.08
531 0.853174 0.784126 -0.572771 -2.07722
532 0.836238 0.785347 -0.579344 -2.04732
533 0.818876 0.952787 -0.585983 -1.85854
534 0.801123 0.746898 -0.592648 -2.04836
535 0.78332 0.662916 -0.598992 -1.9701
536 0.76536 0.812862 -0.605134 -2.03464
537 0.747387 0.701085 -0.610933 -2.07548
538 0.728951 0.785214 -0.616851 -1.52986
539 0.710419 0.613194 -0.622513 -1.33242
540 0.691641 0.683333 -0.628075 -0.281671
541 0.672658 0.624352 -0.633499 -0.659348
542 0.653746 0.593181 -0.63851 -1.03199
543 0.634575 0.641248 -0.643451 -1.30647
544 0.615391 0.60231 -0.648078 -1.35542
545 0.595857 0.640993 -0.652736 -1.12756
546 0.576071 0.496876 -0.657323 -0.999405
547 0.556506 0.389372 -0.661368 -1.21737
548 0.53665 0.646009 -0.665399 -0.743923
549 0.516679 0.478827 -0.66924 -0.849536
550 0.496576 0.551264 -0.672912 -0.387279
551 0.476546 0.415235 -0.676214 -0.437714
552 0.456244 0.541649 -0.679504 -0.6409
553 0.435865 0.395477 -0.682585 -1.04642
554 0.415388 0.460679 -0.685484 -0.584665
555 0.394693 0.438062 -0.688325 0.350973
556 0.374083 0.352129 -0.690804 0.0636924
557 0.353372 0.378919 -0.693121 0.209511
558 0.33264 0.328912 -0.695201 0.48123
559 0.311762 0.328093 -0.697173 0.160441
560 0.290971 0.245279 -0.69881 -0.251885
561 0.27 0.33435 -0.700386 0.231985
562 0.248998 0.234292 -0.701756 -0.136285
563 0.227965 0.215287 -0.702925 -0.271184
564 0.206826 0.219213 -0.703974 -0.289518
565 0.185836 0.153915 -0.70465 -0.0427121
566 0.164774 0.254558 -0.705188 0.548101
567 0.143699 0.201276 -0.705533 0.211323
568 0.122439 0.137847 -0.705861 -0.0537282
569 0.101091 0.121008 -0.706077 0.0796783
570 0.0800949 0.044654 -0.705741 -0.189003
571 0.0588212 0.158854 -0.705505 0.0561941
572 0.037834 0.00164705 -0.704798 -0.506423
573 0.0167202 0.126628 -0.704051 -0.159758
574 -0.00438827 0.0283362 -0.703133 -0.312487
575 -0.025405 0.0503535 -0.701961 0.28407
576 -0.0464053 0.0723255 -0.700621 0.648813
577 -0.0673739 0.00237277 -0.699103 0.840308
578 -0.088531 -0.0489105 -0.697632 0.865567
579 -0.109488 -0.18057 -0.695817 -0.175062
580 -0.13033 -0.118426 -0.693755 -0.514936
581 -0.151138 -0.123813 -0.691536 -0.658922
582 -0.171761 -0.192092 -0.689016 -0.456463
583 -0.192464 -0.126099 -0.686469 -0.118199
584 -0.213126 -0.116773 -0.683775 0.157992
585 -0.23338 -0.222479 -0.680572 -0.317584
586 -0.253697 -0.185125 -0.677351 -0.886487
587 -0.274095 -0.283666 -0.674129 -1.35252
588 -0.294291 -0.369988 -0.670623 -1.59745
589 -0.314453 -0.352583 -0.667012 -1.26138
590 -0.334419 -0.322271 -0.663137 -0.63318
591 -0.354245 -0.377832 -0.659064 -1.06428
592 -0.374097 -0.306722 -0.654967 -0.886283
593 -0.393739 -0.453642 -0.650611 -0.933481
594 -0.413228 -0.379902 -0.646062 -0.57319
595 -0.432667 -0.452687 -0.641431 -0.876612
596 -0.45195 -0.50641 -0.636615 -1.78929
597 -0.47114 -0.455289 -0.631685 -1.47645
598 -0.490097 -0.553862 -0.626503 -1.55072
599 -0.508915 -0.504715 -0.621175 -0.994816
600 -0.527675 -0.517951 -0.615788 -1.1385
601 -0.546349 -0.6383 -0.610315 -1.19929
602 -0.564749 -0.689619 -0.604573 -1.08247
603 -0.582882 -0.614196 -0.59858 -0.657436
604 -0.600874 -0.627123 -0.59247 -0.337095
605 -0.618746 -0.599683 -0.586272 -0.227442
606 -0.636271 -0.645813 -0.57976 0.095586
607 -0.653541 -0.653472 -0.573042 -0.182435
608 -0.670845 -0.555739 -0.566413 0.377855
609 -0.687926 -0.737588 -0.559614 0.836185
610 -0.704655 -0.700273 -0.552524 1.00284
611 -0.721143 -0.568018 -0.545265 1.91987
612 -0.737437 -0.635949 -0.537894 1.39389
613 -0.753724 -0.622263 -0.5306 1.41209
614 -0.76954 -0.729895 -0.522919 1.43459
615 -0.785256 -0.711331 -0.515236 1.09227
616 -0.800831 -0.747652 -0.507515 1.08029
617 -0.816001 -0.744281 -0.49949 0.988827
618 -0.831142 -0.770236 -0.491553 0.441752
619 -0.846007 -0.895656 -0.483454 -0.0726631
620 -0.86056 -0.866433 -0.475164 0.304134
621 -0.874781 -0.848645 -0.466673 0.0450339
622 -0.888636 -0.877293 -0.457954 0.128353
623 -0.902479 -0.841737 -0.449374 0.2892
624 -0.91604 -0.901794 -0.440657 0.564366
625 -0.9293 -0.961327 -0.431792 0.404652
626 -0.942389 -0.948463 -0.422917 -0.060223
627 -0.95508 -0.980626 -0.413804 0.184058
628 -0.967477 -0.915345 -0.404571 0.739247
629 -0.979797 -0.912264 -0.395439 0.53976
630 -0.991585 -1.08827 -0.385953 0.0889833
631 -1.00311 -0.959758 -0.376394 0.239875
632 -1.01442 -0.91792 -0.366817 -0.0693879
633 -1.02532 -1.04673 -0.357038 -0.703879
634 -1.03623 -1.02247 -0.347475 -0.559074
635 -1.04672 -1.22924 -0.337693 -0.80877
636 -1.05691 -1.05147 -0.327828 -0.449612
637 -1.06668 -1.0957 -0.31775 -0.317284
638 -1.07632 -1.04937 -0.307786 -0.287571
639 -1.08553 -1.10739 -0.297608 -0.71351
640 -1.09453 -1.08301 -0.287472 -0.989118
641 -1.10322 -1.15798 -0.277252 -1.01382
642 -1.11155 -1.18571 -0.266917 -0.689727
643 -1.11931 -1.07713 -0.256268 -0.0196856
644 -1.1271 -1.03294 -0.245913 -0.369257
645 -1.13449 -1.20437 -0.235416 -1.24209
646 -1.14159 -1.22214 -0.224883 -1.78094
647 -1.14838 -1.22952 -0.214321 -1.92477
648 -1.15471 -1.26091 -0.203558 -1.84034
649 -1.16083 -1.28717 -0.192873 -2.41182
650 -1.16653 -1.28787 -0.18205 -2.87227
651 -1.17202 -1.19976 -0.17131 -2.70638
652 -1.17719 -1.23022 -0.160533 -2.73258
653 -1.18199 -1.29933 -0.14968 -2.97966
654 -1.18646 -1.2367 -0.138797 -3.92507
655 -1.19053 -1.22997 -0.127825 -2.94514
656 -1.19421 -1.23634 -0.116763 -2.37715
657 -1.19758 -1.22342 -0.105704 -1.80391
658 -1.20074 -1.25953 -0.0947508 -2.24045
659 -1.20362 -1.29136 -0.0838422 -2.04431
660 -1.20614 -1.29177 -0.072886 -2.25288
661 -1.20825 -1.25571 -0.0618471 -2.29859
662 -1.20994 -1.27336 -0.0507177 -1.99651
663 -1.21155 -1.25906 -0.0398414 -1.86827
664 -1.21274 -1.26383 -0.0288742 -1.66549
665 -1.21345 -1.25189 -0.0177618 -1.55653
666 -1.21382 -1.10092 -0.00664552 -0.916224
667 -1.21394 -1.16463 0.00436207 -0.819786
668 -1.21379 -1.24602 0.0153062 -0.895676
669 -1.21318 -1.19884 0.0263549 -0.829497
670 -1.21217 -1.20057 0.0374575 -0.900918
671 -1.21084 -1.18145 0.0485137 -0.902132
672 -1.20944 -1.19502 0.0592818 -1.15259
673 -1.20767 -1.28525 0.0700697 -1.4736
674 -1.20541 -1.2743 0.080995 -1.69507
675 -1.20302 -1.18945 0.0916802 -1.60173
676 -1.20042 -1.3145 0.102225 -2.23679
677 -1.19726 -1.32803 0.112959 -2.43987
678 -1.19389 -1.21972 0.123552 -2.67807
679 -1.1901 -1.31988 0.13419 -2.73053
680 -1.18612 -1.20683 0.144656 -1.83942
681 -1.1818 -1.31173 0.1551 -2.25879
682 -1.1772 -1.27972 0.165449 -2.15472
683 -1.17236 -1.28166 0.175667 -2.00502
684 -1.16699 -1.30441 0.186055 -1.80401
685 -1.16154 -1.15639 0.196154 -1.55961
686 -1.15553 -1.27618 0.206433 -1.98766
687 -1.14934 -1.19969 0.216519 -1.44313
688 -1.14265 -1.15149 0.226732 -1.42211
689 -1.13584 -1.12752 0.236689 -1.31755
690 -1.12879 -1.12805 0.246508 -0.946991
691 -1.12153 -1.16885 0.256159 -1.13976
692 -1.1139 -1.22746 0.265815 -1.50199
693 -1.10594 -1.17686 0.275426 -1.04442
694 -1.09787 -1.18727 0.284778 -1.44145
695 -1.08924 -1.23388 0.294318 -1.25164
696 -1.08044 -1.09231 0.303646 -0.742184
697 -1.07133 -1.12793 0.312916 -0.996535
698 -1.06192 -1.19106 0.322114 -1.87058
699 -1.05214 -1.14139 0.331298 -1.70656
700 -1.04204 -1.07395 0.340433 -1.74385
701 -1.0318 -1.00056 0.349323 -1.7629
702 -1.02135 -1.04966 0.358056 -1.30022
703 -1.01049 -1.10624 0.366838 -1.65002
704 -0.999451 -1.04691 0.375412 -1.34298
705 -0.988072 -1.07242 0.38396 -1.22991
706 -0.976513 -1.0336 0.392318 -1.68229
707 -0.964838 -1.00709 0.400423 -1.43931
708 -0.952886 -1.04779 0.408445 -1.50752
709 -0.940829 -0.949987 0.416212 -1.23702
710 -0.928467 -1.02975 0.423931 -0.87601
711 -0.915741 -1.02571 0.43166 -0.942691
712 -0.902803 -0.916266 0.439241 -0.210885
713 -0.889591 -0.981183 0.446743 -0.672467
714 -0.876231 -0.86359 0.454037 -0.52051
715 -0.862636 -0.941175 0.461216 -0.925239
716 -0.848723 -0.914402 0.468364 -0.835584
717 -0.834565 -0.832394 0.475407 -1.03316
718 -0.820301 -0.841271 0.482207 -1.43712
719 -0.805732 -0.775455 0.48897 -0.345905
720 -0.790959 -0.776533 0.495591 -0.29959
721 -0.776042 -0.783718 0.502016 -0.300521
722 -0.761155 -0.801925 0.508074 -0.32531
723 -0.74589 -0.770689 0.514184 0.318347
724 -0.73051 -0.756233 0.520081 -0.0372521
725 -0.714887 -0.633859 0.525896 -0.102639
726 -0.699178 -0.790493 0.531473 -0.249927
727 -0.683225 -0.750719 0.536978 -0.25625
728 -0.667092 -0.686816 0.542345 -0.931115
729 -0.650929 -0.686825 0.547428 -0.885771
730 -0.634453 -0.661374 0.552518 -0.889307
731 -0.617841 -0.719749 0.557436 -0.801621
732 -0.600924 -0.631407 0.562354 -0.160739
733 -0.584099 -0.492334 0.566874 -0.00985654
734 -0.566977 -0.616189 0.571395 -0.336398
735 -0.549832 -0.528082 0.575644 0.105053
736 -0.532495 -0.515474 0.579797 0.293989
737 -0.515379 -0.42852 0.583442 0.669117
738 -0.497729 -0.608869 0.587352 0.659435
739 -0.48009 -0.439255 0.590969 0.675318
740 -0.462427 -0.46723 0.594337 0.890102
741 -0.444782 -0.495867 0.597422 1.1616
742 -0.426802 -0.498496 0.600586 0.383147
743 -0.408852 -0.400761 0.603459 0.904005
744 -0.390776 -0.411942 0.606207 0.502167
745 -0.372722 -0.338392 0.608682 0.30827
746 -0.354514 -0.422381 0.611071 -0.0984177
747 -0.336082 -0.371669 0.613445 0.131789
748 -0.317843 -0.226752 0.615384 0.678506
749 -0.299386 -0.383873 0.617318 0.745262
750 -0.280733 -0.257571 0.619219 1.13991
751 -0.262103 -0.235153 0.62087 0.879348
752 -0.243569 -0.193019 0.622206 1.19191
753 -0.224953 -0.19904 0.623415 0.817981
754 -0.20624 -0.249638 0.624515 0.864621
755 -0.187441 -0.175335 0.625498 0.899219
756 -0.168685 -0.0908101 0.626238 1.00934
757 -0.149808 -0.115936 0.626906 1.1948
758 -0.130978 -0.0684938 0.627338 0.909397
759 -0.112169 -0.123564 0.627564 0.571411
760 -0.0933567 -0.097122 0.627617 1.06029
761 -0.0744437 -0.0198563 0.627601 1.29843
762 -0.0556331 -0.0325411 0.627312 0.810831
763 -0.0368357 -0.0251496 0.62685 0.452904
764 -0.018065 -0.0649498 0.626206 0.446631
765 0.000754263 0.0495154 0.625463 0.959935
766 0.0195016 0.0105979 0.624501 0.953516
767 0.0381809 0.0624456 0.623333 1.22723
768 0.0569581 0.0886642 0.622132 1.4854
769 0.0759133 0.100542 0.620977 1.59727
770 0.0945845 0.205443 0.619404 1.70365
771 0.113267 0.179016 0.617724 1.9725
772 0.131589 0.193112 0.615568 1.37598
773 0.150134 0.106405 0.613538 1.40927
774 0.168398 0.221585 0.611125 1.50552
775 0.186793 0.127903 0.608754 1.56635
776 0.205048 0.301143 0.606153 1.84323
777 0.223371 0.291525 0.603536 2.04133
778 0.241474 0.417479 0.600618 2.46201
779 0.259596 0.366193 0.597647 2.00192
780 0.277375 0.2854 0.594264 1.86078
781 0.295191 0.256822 0.590864 1.57182
782 0.312802 0.329522 0.587206 2.00967
783 0.330625 0.359284 0.583717 1.52
784 0.348119 0.464262 0.579848 2.03014
785 0.365361 0.313894 0.575692 2.08243
786 0.382661 0.384555 0.571568 2.10604
787 0.399733 0.445036 0.567192 2.37453
788 0.417076 0.477712 0.563072 2.37039
789 0.434001 0.582843 0.558506 1.91219
790 0.45059 0.52625 0.553596 1.68283
791 0.467204 0.411178 0.548716 1.95074
792 0.483732 0.497811 0.543755 2.85712
793 0.499907 0.562379 0.538448 2.70315
794 0.51606 0.482539 0.533141 2.53424
795 0.532165 0.636768 0.527808 3.10743
796 0.54794 0.645357 0.522167 2.62534
797 0.563454 0.61556 0.516301 2.6349
798 0.579055 0.602525 0.510568 3.00142
799 0.594408 0.71234 0.504626 3.49918
800 0.609479 0.723545 0.498452 3.73124
801 0.624438 0.688408 0.492225 3.46797
802 0.639333 0.773595 0.485994 3.45696
803 0.654047 0.874803 0.479646 3.92597
804 0.668543 0.875679 0.473147 3.87673
805 0.682647 0.794445 0.466329 3.82799
806 0.696663 0.7281 0.459512 3.94292
807 0.71035 0.892755 0.452455 3.8419
808 0.723927 0.751207 0.445386 3.66502
809 0.737152 0.826956 0.438067 3.9134
810 0.750251 0.792084 0.430731 3.90211
811 0.763163 0.929094 0.423323 4.10307
812 0.775767 0.851362 0.415724 4.34429
813 0.788248 0.917498 0.408128 4.4561
814 0.800616 0.994241 0.400546 4.28557
815 0.812714 0.953492 0.392821 4.13226
816 0.824446 0.937542 0.384865 4.2712
817 0.835887 0.911465 0.376762 4.14393
818 0.847193 0.950471 0.368677 4.50007
819 0.858487 0.93984 0.360733 4.25368
820 0.869217 1.1043 0.352374 4.24425
821 0.879803 0.951962 0.344037 4.49928
822 0.890057 1.04424 0.335535 4.54544
823 0.899987 1.00298 0.326886 4.23511
824 0.9097 1.00745 0.318202 4.29122
825 0.919249 1.07445 0.309541 4.62835
826 0.92875 1.05054 0.301017 4.73431
827 0.937843 1.17638 0.29227 4.53533
828 0.946628 1.12925 0.283408 4.28361
829 0.955149 1.06433 0.274482 4.15222
830 0.963214 1.03528 0.265304 3.86968
831 0.971124 1.00075 0.256189 3.37421
832 0.978789 1.06162 0.247044 3.21204
833 0.986195 1.05907 0.237859 2.96467
834 0.993172 1.07733 0.228467 2.95375
835 0.999936 1.01865 0.219096 2.90224
836 1.00662 1.07689 0.209881 2.82759
837 1.0128 1.11463 0.200393 2.40496
838 1.01873 1.10086 0.190895 2.41158
839 1.02453 1.08105 0.181506 2.65551
840 1.02997 1.12392 0.17201 2.68289
841 1.03516 1.07771 0.162508 2.16132
842 1.04009 1.1479 0.153004 2.22599
843 1.04462 1.10601 0.143351 2.75078
844 1.04873 1.12913 0.133551 2.39752
845 1.05282 1.10863 0.123993 2.27537
846 1.05669 1.21519 0.11448 2.30425
847 1.06007 1.18963 0.104744 1.90306
848 1.06316 1.12197 0.0949985 2.17546
849 1.066 1.19673 0.0852785 2.48003
850 1.06845 1.13679 0.0754412 2.1638
851 1.07096 1.08159 0.0659641 2.04993
852 1.07306 1.24048 0.0563506 2.01653
853 1.07472 1.13867 0.0465778 1.18624
854 1.07613 1.0819 0.0368453 0.913262
855 1.07723 1.11622 0.0270948 1.02479
856 1.07801 1.09095 0.0173281 0.658072
857 1.0784 1.07842 0.00746968 0.322822
858 1.07869 1.08878 -0.00218116 0.341404
859 1.0786 1.09955 -0.0119048 0.511102
860 1.07832 1.13465 -0.0215234 0.669548
861 1.07761 1.14453 -0.0312629 0.205065
862 1.07672 1.08588 -0.0408645 0.0528065
863 1.07548 1.05331 -0.0505011 -0.251193
864 1.07394 1.11831 -0.0601382 -0.0492609
865 1.07199 1.06892 -0.0698591 -0.414244
866 1.06996 0.972972 -0.0793333 -0.409018
867 1.06752 1.11307 -0.0889009 -0.186161
868 1.06479 1.06833 -0.098442 -0.690357
869 1.06179 0.944404 -0.107926 -0.679161
870 1.05863 1.03008 -0.117238 -0.486795
871 1.0552 1.08211 -0.126499 -0.426505
872 1.05137 1.11822 -0.135845 -0.439494
873 1.04726 1.03927 -0.145134 -0.19803
874 1.04302 1.04173 -0.154236 0.256627
875 1.03854 1.13356 -0.163243 0.453155
876 1.0336 1.11878 -0.172384 0.102444
877 1.02834 1.03968 -0.181522 0.16654
878 1.02288 0.931136 -0.190513 0.266489
879 1.01721 1.0121 -0.199386 0.58206
880 1.0112 0.998874 -0.208276 0.546262
881 1.00487 0.98277 -0.217143 0.711928
882 0.998345 1.0482 -0.225873 0.972009
883 0.991577 0.996964 -0.234512 0.109437
884 0.984515 0.952693 -0.24311 -0.31842
885 0.977313 0.966023 -0.251516 -0.763625
886 0.96981 0.986873 -0.259891 -0.44558
887 0.962062 0.992869 -0.268181 -0.950965
888 0.953925 1.02185 -0.276528 -0.261038
889 0.945593 0.936902 -0.284736 -0.167206
890 0.936943 0.918775 -0.292927 0.328259
891 0.928007 0.85791 -0.301068 -0.0135063
892 0.918846 0.868416 -0.309098 0.169223
893 0.909617 0.841478 -0.316859 0.121323
894 0.900004 0.925824 -0.324678 0.0698181
895 0.89021 0.862484 -0.332344 0.428461
896 0.880293 0.860645 -0.339805 0.79417
897 0.870098 0.959981 -0.347218 1.56633
898 0.859984 0.952478 -0.354226 2.1846
899 0.849338 1.05177 -0.361454 2.96726
900 0.83835 0.934282 -0.3687 2.51941
901 0.827429 0.924008 -0.375552 2.16983
902 0.816191 0.95845 -0.382407 1.73784
903 0.804615 0.812683 -0.389282 1.47876
904 0.793019 0.785752 -0.395858 1.42553
905 0.781253 0.863249 -0.402292 1.20314
906 0.769126 0.785622 -0.408777 1.02898
907 0.756683 0.745563 -0.415266 0.900953
908 0.744102 0.749377 -0.421576 0.938764
909 0.731474 0.755223 -0.427622 0.496137
910 0.718623 0.767427 -0.433586 0.809774
911 0.705575 0.707266 -0.439444 0.469912
912 0.692359 0.699279 -0.445167 0.431641
913 0.678978 0.634411 -0.450757 0.463747
914 0.665534 0.6842 -0.456113 0.673419
915 0.651946 0.69915 -0.461323 0.633811
916 0.638218 0.69528 -0.466387 0.893734
917 0.624197 0.735162 -0.471461 0.66597
918 0.610028 0.695461 -0.476397 0.0830315
919 0.59576 0.639665 -0.481148 -0.162063
920 0.581396 0.592096 -0.485717 0.128117
921 0.566841 0.57811 -0.490205 0.174201
922 0.55217 0.590661 -0.494537 -0.117053
923 0.537295 0.597944 -0.498803 -0.0966895
924 0.522477 0.548225 -0.502744 -0.365656
925 0.507333 0.574306 -0.506754 -0.33969
926 0.492094 0.405444 -0.510597 -0.955009
927 0.476704 0.436904 -0.514331 -1.26909
928 0.461195 0.418572 -0.51793 -1.44482
929 0.445608 0.359917 -0.521352 -1.31374
930 0.429943 0.39883 -0.524605 -1.23198
931 0.414051 0.428394 -0.527841 -0.798814
932 0.39813 0.332745 -0.530862 -0.88037
933 0.382075 0.332773 -0.533778 -0.764932
934 0.36589 0.326798 -0.536588 -1.17935
935 0.349721 0.236387 -0.539147 -1.571
936 0.333623 0.280458 -0.541409 -1.69784
937 0.317328 0.330199 -0.543653 -1.71431
938 0.301109 0.255851 -0.545602 -1.7291
939 0.284697 0.263438 -0.547538 -1.88122
940 0.26837 0.164253 -0.54918 -1.83736
941 0.251757 0.274015 -0.550909 -1.52358
942 0.235222 0.163068 -0.552357 -1.19851
943 0.218838 0.206907 -0.553459 -1.5771
944 0.202052 0.230666 -0.554779 -1.39416
945 0.185325 0.0251145 -0.55585 -1.58714
946 0.168445 0.0803071 -0.556889 -1.61366
947 0.151616 0.0898456 -0.557691 -1.69571
948 0.135102 0.0650334 -0.558003 -1.76253
949 0.118446 0.213186 -0.558298 -1.46019
950 0.101666 0.110577 -0.558557 -1.93707
951 0.0849711 0.0471376 -0.558573 -1.80001
952 0.0681686 0.0166035 -0.558545 -2.11587
953 0.0513422 0.00224444 -0.55839 -2.34402
954 0.0343738 -0.0807017 -0.558232 -2.27262
955 0.0175713 -0.12672 -0.557759 -2.49724
956 0.000890359 -0.118011 -0.557029 -1.82065
957 -0.0157717 -0.0521461 -0.556153 -1.37403
958 -0.0323973 0.00274377 -0.555117 -0.700632
959 -0.0490541 -0.0341541 -0.553996 -0.849291
960 -0.0658183 -0.118052 -0.552868 -1.07679
961 -0.0824433 -0.120229 -0.551485 -0.675533
962 -0.0991237 -0.107355 -0.550052 -0.264104
963 -0.115585 -0.160599 -0.548295 -0.189358
964 -0.131971 -0.0835253 -0.546369 0.590656
965 -0.148404 -0.0973078 -0.544403 1.03196
966 -0.164686 -0.165477 -0.542201 0.8584
967 -0.181129 -0.149785 -0.540083 0.36299
968 -0.197414 -0.225561 -0.537725 0.628238
969 -0.213549 -0.204489 -0.535145 0.667618
970 -0.229757 -0.186668 -0.532574 0.0661769
971 -0.245729 -0.257579 -0.529702 0.835366
972 -0.261657 -0.242714 -0.526733 0.0243016
973 -0.27762 -0.200785 -0.523749 -0.0855938
974 -0.293436 -0.32552 -0.520569 0.0712482
975 -0.308722 -0.295748 -0.516815 0.772092
976 -0.324262 -0.0949788 -0.513297 1.2118
977 -0.339615 -0.234865 -0.509563 0.908817
978 -0.354946 -0.251503 -0.505786 0.933154
979 -0.37005 -0.339764 -0.501764 0.79084
980 -0.38515 -0.346154 -0.497727 1.0495
981 -0.400071 -0.418317 -0.493503 0.725251
982 -0.414872 -0.363072 -0.489159 1.36035
983 -0.429595 -0.326106 -0.484739 1.60782
984 -0.444074 -0.396336 -0.480083 1.88099
985 -0.458408 -0.371231 -0.475297 1.72931
986 -0.472744 -0.353197 -0.470536 2.16084
987 -0.486819 -0.441541 -0.465535 1.94149
988 -0.500808 -0.421543 -0.460478 1.67137
989 -0.514662 -0.434051 -0.455319 1.51518
990 -0.528251 -0.462096 -0.449934 0.938481
991 -0.541737 -0.427222 -0.444492 1.09812
992 -0.55496 -0.485173 -0.438838 0.941043
993 -0.568154 -0.547877 -0.433214 0.883692
994 -0.581283 -0.584903 -0.427584 0.525762
995 -0.594177 -0.649861 -0.421777 0.59247
996 -0.606872 -0.627619 -0.415839 0.362357
997 -0.619395 -0.58624 -0.409801 0.534529
998 -0.631566 -0.618473 -0.403488 0.358904
999 -0.643786 -0.571849 -0.397315 0.174369
