0 0 1 1 0
1 0.0300482 1.01845 0.998548 1.00419
2 0.0600926 0.115215 0.996868 1.09262
3 0.0899133 0.0756803 0.994746 1.15409
4 0.119697 0.112509 0.992386 1.19368
5 0.149353 0.15971 0.989705 1.14775
6 0.178983 0.201544 0.986815 1.03666
7 0.208743 0.178567 0.98388 1.14123
8 0.23832 0.221566 0.980586 1.02515
9 0.267806 0.335863 0.977038 0.944614
10 0.297214 0.356418 0.973259 0.859147
11 0.326417 0.305525 0.969129 0.93522
12 0.355368 0.381725 0.964615 1.08591
13 0.384345 0.404862 0.960009 1.31225
14 0.41306 0.395597 0.955025 1.128
15 0.441841 0.458512 0.950004 1.19965
16 0.470393 0.451869 0.944655 1.41338
17 0.498723 0.521494 0.938995 1.58971
18 0.526775 0.540435 0.93298 1.73923
19 0.554639 0.571963 0.926714 1.52802
20 0.582579 0.571392 0.92047 1.21235
21 0.610326 0.611048 0.91398 1.31555
22 0.63778 0.622968 0.90715 1.14378
23 0.665125 0.699801 0.90018 1.40785
24 0.69234 0.705484 0.893054 1.35481
25 0.719194 0.765326 0.885545 1.31092
26 0.745682 0.760496 0.877666 1.25293
27 0.772184 0.810691 0.86981 1.18455
28 0.79824 0.831965 0.861517 1.33384
29 0.824022 0.863922 0.852977 1.65082
30 0.849631 0.925386 0.844301 1.42867
31 0.874982 0.943971 0.83541 1.35689
32 0.900297 0.947883 0.826535 1.26257
33 0.924942 0.903551 0.817041 1.11051
34 0.949366 0.938524 0.807404 0.819683
35 0.973554 0.952798 0.797614 0.310801
36 0.997528 1.05538 0.787702 0.258335
37 1.02106 1.01979 0.777439 0.145313
38 1.04443 1.1024 0.767135 0.120908
39 1.06752 0.972518 0.756656 0.154301
40 1.09018 0.997115 0.745879 -0.0390506
41 1.11253 1.12662 0.734925 -0.345519
42 1.13452 1.02252 0.72375 -0.449503
43 1.1563 1.08105 0.712523 -0.210106
44 1.17766 1.14523 0.701024 0.17042
45 1.19864 1.23417 0.689328 0.35658
46 1.21926 1.20454 0.677447 0.527312
47 1.23965 1.1707 0.665519 0.45388
48 1.2596 1.24053 0.653352 0.321663
49 1.27913 1.25193 0.640964 0.252974
50 1.2983 1.27442 0.628431 0.347275
51 1.31695 1.27612 0.615599 0.460413
52 1.33535 1.34317 0.60276 0.677438
53 1.35347 1.36494 0.589871 0.512259
54 1.37124 1.32655 0.576878 0.532286
55 1.38855 1.40465 0.563683 0.271436
56 1.40559 1.37298 0.550469 0.392161
57 1.42207 1.40003 0.536954 0.186404
58 1.43822 1.48776 0.523392 0.028331
59 1.45379 1.54644 0.509532 0.296151
60 1.46926 1.50135 0.495869 -0.145802
61 1.48418 1.49144 0.481945 -0.122303
62 1.49854 1.56859 0.467765 -0.0941595
63 1.51248 1.4994 0.453479 -0.581897
64 1.52613 1.47153 0.43924 -0.320441
65 1.53909 1.46696 0.42463 0.000783531
66 1.55169 1.52371 0.409994 -0.0922726
67 1.56411 1.62928 0.395533 -0.617911
68 1.57588 1.47899 0.380771 -0.709527
69 1.58717 1.58305 0.365879 -0.174037
70 1.59803 1.59809 0.350933 -0.308949
71 1.6086 1.60368 0.336067 -0.113357
72 1.61866 1.70285 0.32106 -0.2139
73 1.62833 1.55112 0.306055 -0.247417
74 1.6376 1.64216 0.291029 -0.11614
75 1.64643 1.71534 0.275948 0.00437446
76 1.6549 1.66024 0.260915 -0.0715148
77 1.66273 1.57095 0.24563 -0.134194
78 1.67019 1.66651 0.230383 0.418827
79 1.67711 1.66429 0.215014 0.220824
80 1.68353 1.6725 0.199567 0.344382
81 1.68949 1.64165 0.184091 0.530112
82 1.69509 1.6943 0.168685 0.387295
83 1.70005 1.76303 0.153084 0.239285
84 1.70464 1.66958 0.137547 0.53501
85 1.70873 1.65844 0.121966 0.508785
86 1.71257 1.81945 0.106577 1.30396
87 1.71565 1.77309 0.090891 1.053
88 1.71831 1.8389 0.0752513 0.978275
89 1.72064 1.80174 0.0597399 1.13073
90 1.7225 1.81872 0.0442377 0.971753
91 1.72378 1.77137 0.0286132 0.660114
92 1.72464 1.71254 0.013062 0.822893
93 1.72517 1.71178 -0.00233757 0.672907
94 1.7252 1.76743 -0.017761 0.480733
95 1.72462 1.69857 -0.0333066 0.531282
96 1.7236 1.72597 -0.0488001 0.497212
97 1.72218 1.77271 -0.0641995 0.474161
98 1.72035 1.73536 -0.0795101 0.105367
99 1.71789 1.75558 -0.0949485 -0.0541006
100 1.715 1.653 -0.110302 -0.448792
101 1.71194 1.71082 -0.125328 -0.528037
102 1.70836 1.67102 -0.140364 -0.485883
103 1.70421 1.72097 -0.155464 -0.574871
104 1.69944 1.66713 -0.170684 -0.40664
105 1.69437 1.71684 -0.185669 -0.185764
106 1.68866 1.65634 -0.200775 -0.414804
107 1.68249 1.72161 -0.215818 -0.271515
108 1.67596 1.77228 -0.230691 -0.23496
109 1.66903 1.66755 -0.245448 -0.584339
110 1.66162 1.65275 -0.26014 -0.763947
111 1.65378 1.57199 -0.274739 -0.563641
112 1.64557 1.64911 -0.289178 -0.452462
113 1.63704 1.60996 -0.303416 -0.53482
114 1.62799 1.56064 -0.317643 -0.651147
115 1.61864 1.65584 -0.331636 -0.416329
116 1.60862 1.61605 -0.34578 -0.552433
117 1.59821 1.57873 -0.359767 -0.602572
118 1.58743 1.58214 -0.373604 -0.90929
119 1.57624 1.55117 -0.387316 -1.02369
120 1.5647 1.51485 -0.400834 -1.21061
121 1.55262 1.58538 -0.414369 -0.784049
122 1.54024 1.60198 -0.427675 -0.553773
123 1.52745 1.55993 -0.440855 -0.781389
124 1.51418 1.46754 -0.453985 -0.843434
125 1.50055 1.55708 -0.46694 -0.445282
126 1.4866 1.49135 -0.479686 -0.357021
127 1.47212 1.46292 -0.49244 -0.224942
128 1.45731 1.53436 -0.504988 0.129553
129 1.4421 1.47412 -0.517406 -0.155153
130 1.42667 1.41313 -0.529518 -0.478882
131 1.4108 1.41592 -0.541543 -0.282902
132 1.39459 1.48734 -0.553396 -0.227447
133 1.37804 1.32163 -0.565066 -0.0616839
134 1.36105 1.47163 -0.576657 0.431131
135 1.34373 1.36544 -0.588055 0.38303
136 1.32614 1.34283 -0.59922 0.145338
137 1.30838 1.40419 -0.610035 0.28703
138 1.29013 1.27048 -0.620852 -0.214241
139 1.27145 1.28158 -0.63158 -0.476112
140 1.25254 1.19231 -0.642043 -0.168785
141 1.23339 1.2833 -0.652242 -0.12648
142 1.21381 1.24308 -0.662376 -0.073344
143 1.19406 1.23711 -0.672179 0.135238
144 1.17394 1.19703 -0.681879 0.152491
145 1.15341 1.21754 -0.691488 0.238316
146 1.13262 1.15277 -0.700878 -0.285577
147 1.11155 1.05043 -0.710068 -0.399228
148 1.09035 1.2133 -0.718909 -0.268866
149 1.06887 1.08666 -0.727548 0.0947484
150 1.04699 1.07085 -0.736135 0.0951673
151 1.02482 1.10923 -0.744535 0.22678
152 1.00254 1.08852 -0.752588 0.533348
153 0.979935 0.944201 -0.760511 0.431236
154 0.957156 1.04465 -0.768153 0.774148
155 0.934122 0.998327 -0.775605 0.540818
156 0.910881 0.92484 -0.782821 0.984722
157 0.887386 0.890526 -0.789855 0.729555
158 0.86373 0.904598 -0.796618 1.01395
159 0.839801 0.878237 -0.803226 0.874688
160 0.815748 0.839302 -0.809536 0.808883
161 0.791435 0.862403 -0.815691 0.937796
162 0.767037 0.784743 -0.821517 0.656666
163 0.742312 0.733835 -0.827267 0.647434
164 0.717466 0.754369 -0.832735 0.379936
165 0.692485 0.689106 -0.837943 -0.0397951
166 0.667423 0.718746 -0.842842 0.100061
167 0.642227 0.640339 -0.847495 0.00185538
168 0.616848 0.628626 -0.851958 0.0933785
169 0.591199 0.60821 -0.856322 -0.245811
170 0.565389 0.594062 -0.860478 -0.228033
171 0.539587 0.600794 -0.864264 0.0626906
172 0.513597 0.631054 -0.867886 -0.202412
173 0.487491 0.536949 -0.871276 -0.374595
174 0.461401 0.558262 -0.874308 -0.532868
175 0.435149 0.47202 -0.877172 -0.457692
176 0.408675 0.459473 -0.879931 -0.498058
177 0.382301 0.387566 -0.882266 -0.174144
178 0.355938 0.379662 -0.884278 -0.324887
179 0.329402 0.391145 -0.886163 -0.256034
180 0.302701 0.269264 -0.887915 -0.337683
181 0.275984 0.355347 -0.889387 -0.410734
182 0.249432 0.319188 -0.890406 -0.304615
183 0.222609 0.223209 -0.891427 -0.989539
184 0.195791 0.182203 -0.892168 -0.896339
185 0.168942 0.207747 -0.892676 -0.98452
186 0.142231 0.216459 -0.892788 -0.933453
187 0.115345 0.138716 -0.892831 -0.791047
188 0.0886729 0.0848768 -0.892417 -0.722817
189 0.0620527 0.125704 -0.891724 -0.925422
190 0.0352244 0.0546611 -0.891022 -1.62532
191 0.00865285 0.0243266 -0.889843 -1.78215
192 -0.0181215 -0.027641 -0.888665 -1.4806
193 -0.0448346 -0.0551981 -0.887223 -1.38678
194 -0.0715595 -0.0282778 -0.885596 -1.34534
195 -0.098217 -0.148886 -0.883714 -1.14235
196 -0.124696 -0.0691439 -0.881472 -1.15054
197 -0.151197 -0.200173 -0.879084 -1.32128
198 -0.177701 -0.142444 -0.876536 -1.10658
199 -0.20388 -0.233034 -0.873505 -1.42642
200 -0.230045 -0.21993 -0.87032 -1.09813
201 -0.25621 -0.269528 -0.866999 -1.1481
202 -0.282259 -0.27996 -0.863432 -0.995917
203 -0.308067 -0.383218 -0.859501 -1.06277
204 -0.333897 -0.349118 -0.855485 -0.814854
205 -0.359667 -0.341557 -0.851301 -0.656604
206 -0.385254 -0.485657 -0.846836 -0.813801
207 -0.410634 -0.494457 -0.842073 -0.848094
208 -0.435894 -0.473975 -0.837112 -0.68084
209 -0.461063 -0.49151 -0.831989 -0.626562
210 -0.486073 -0.537249 -0.826641 -0.614508
211 -0.51089 -0.519889 -0.821045 -0.576231
212 -0.535607 -0.499499 -0.815301 -0.21097
213 -0.559896 -0.567557 -0.809087 0.00884197
214 -0.584055 -0.611559 -0.802721 0.181162
215 -0.608005 -0.576694 -0.796129 0.358834
216 -0.631691 -0.563648 -0.789265 0.342066
217 -0.655362 -0.62617 -0.782389 0.154941
218 -0.678959 -0.713752 -0.775442 -0.565897
219 -0.702314 -0.69802 -0.76826 -0.444839
220 -0.725481 -0.665475 -0.760906 -0.155507
221 -0.748092 -0.764348 -0.753019 -0.396074
222 -0.770695 -0.718714 -0.74517 -0.267883
223 -0.792883 -0.822265 -0.736949 -0.608974
224 -0.814896 -0.842262 -0.728611 -0.837365
225 -0.836677 -0.844917 -0.720107 -1.29568
226 -0.858086 -0.907367 -0.711303 -1.78937
227 -0.879298 -0.890707 -0.702386 -1.49793
228 -0.900461 -0.85213 -0.69351 -1.3184
229 -0.921389 -0.844654 -0.684488 -1.14312
230 -0.941796 -0.932921 -0.675042 -1.15072
231 -0.962078 -1.02127 -0.665584 -1.18018
232 -0.982108 -1.04793 -0.655989 -1.19576
233 -1.00182 -0.97188 -0.646201 -0.622647
234 -1.02134 -1.01234 -0.636348 -0.735462
235 -1.04046 -1.03835 -0.626226 -0.581961
236 -1.05938 -0.993508 -0.616055 -0.743738
237 -1.07761 -1.11353 -0.605352 -0.717486
238 -1.09565 -1.04252 -0.594623 -0.487718
239 -1.11351 -1.09967 -0.583886 -0.760071
240 -1.13107 -1.12021 -0.57304 -0.377378
241 -1.14815 -1.12693 -0.561884 -0.154533
242 -1.16489 -1.14355 -0.550594 -0.00380215
243 -1.18139 -1.09061 -0.539267 0.470835
244 -1.19752 -1.13069 -0.527772 0.278417
245 -1.21336 -1.13873 -0.516214 0.0840931
246 -1.229 -1.16045 -0.50467 -0.190507
247 -1.24417 -1.23342 -0.492887 -0.557404
248 -1.25894 -1.22744 -0.480936 -0.518023
249 -1.27327 -1.26786 -0.468777 -0.849997
250 -1.28751 -1.23523 -0.456795 -0.778613
251 -1.30135 -1.32655 -0.444657 -0.788751
252 -1.31458 -1.31708 -0.432167 -0.696424
253 -1.32742 -1.29621 -0.419569 -0.94124
254 -1.33999 -1.36691 -0.406969 -0.696987
255 -1.35221 -1.3326 -0.394317 -0.541169
256 -1.36412 -1.44517 -0.381631 -1.03228
257 -1.37555 -1.38858 -0.368768 -0.959882
258 -1.38642 -1.43297 -0.35564 -0.843412
259 -1.39712 -1.48058 -0.342658 -0.662978
260 -1.40736 -1.42395 -0.329525 -0.484327
261 -1.41726 -1.40006 -0.31638 -0.673408
262 -1.42664 -1.41388 -0.303042 -0.108612
263 -1.43587 -1.43686 -0.289885 -0.293041
264 -1.44464 -1.43709 -0.276599 -0.213642
265 -1.45291 -1.48693 -0.263158 -0.177766
266 -1.46058 -1.41047 -0.249462 -0.13761
267 -1.46798 -1.52922 -0.235856 -0.204964
268 -1.47501 -1.49475 -0.222243 -0.262242
269 -1.48179 -1.55707 -0.20875 -0.340613
270 -1.48806 -1.43731 -0.195108 -0.260063
271 -1.49404 -1.54629 -0.181555 -0.0798191
272 -1.49948 -1.54517 -0.16783 0.0325211
273 -1.50463 -1.47778 -0.154193 0.043983
274 -1.50922 -1.49784 -0.140383 0.0489
275 -1.51336 -1.47559 -0.126517 0.0647196
276 -1.51729 -1.51329 -0.11284 0.239423
277 -1.52069 -1.47109 -0.0990384 0.419436
278 -1.52369 -1.54899 -0.085229 0.165438
279 -1.52625 -1.46898 -0.0713936 -0.0566845
280 -1.52825 -1.52538 -0.0574047 0.155908
281 -1.52996 -1.53824 -0.0435524 0.27415
282 -1.53136 -1.4321 -0.0298124 0.564116
283 -1.53218 -1.46658 -0.015908 0.556932
284 -1.53287 -1.54749 -0.00230996 0.596085
285 -1.53298 -1.47549 0.0114476 0.651583
286 -1.53245 -1.48966 0.0254139 0.832879
287 -1.53161 -1.48448 0.0392455 0.762596
288 -1.53032 -1.52363 0.0530837 0.513864
289 -1.52888 -1.37759 0.0666287 0.829852
290 -1.527 -1.46476 0.0801674 0.719661
291 -1.52465 -1.48485 0.093731 0.820568
292 -1.52184 -1.59122 0.107316 0.540762
293 -1.51868 -1.48019 0.120794 0.429284
294 -1.51508 -1.50745 0.134251 0.477764
295 -1.51081 -1.49463 0.14793 0.240127
296 -1.5063 -1.51224 0.161374 0.337807
297 -1.50128 -1.50866 0.174868 0.152698
298 -1.49589 -1.46277 0.18826 0.261466
299 -1.49027 -1.5163 0.201416 -0.0395602
300 -1.48431 -1.43381 0.214441 0.401846
301 -1.47804 -1.48656 0.227315 0.288415
302 -1.47119 -1.48893 0.240316 0.501116
303 -1.46403 -1.48907 0.25314 0.498961
304 -1.4565 -1.43707 0.26587 0.588311
305 -1.44857 -1.38303 0.278541 0.536863
306 -1.44009 -1.43978 0.291285 0.232824
307 -1.43118 -1.49041 0.303978 -0.0652322
308 -1.42201 -1.5143 0.316447 -0.00777732
309 -1.41255 -1.45069 0.328746 -0.106829
310 -1.40267 -1.37281 0.340978 -0.241718
311 -1.3924 -1.39839 0.353131 -0.271957
312 -1.38181 -1.41885 0.365128 -0.0648112
313 -1.37093 -1.37509 0.376941 0.0509064
314 -1.35951 -1.29466 0.388831 0.025544
315 -1.348 -1.35661 0.400328 -0.0648477
316 -1.33609 -1.33919 0.411762 -0.159155
317 -1.32374 -1.34586 0.423161 0.241195
318 -1.31123 -1.3393 0.43426 0.293016
319 -1.29808 -1.33203 0.445532 0.369551
320 -1.285 -1.33658 0.456255 0.246027
321 -1.27143 -1.31381 0.467017 0.337219
322 -1.2574 -1.25242 0.477782 0.502408
323 -1.24303 -1.28131 0.48842 0.535924
324 -1.22837 -1.22889 0.498883 0.958917
325 -1.21351 -1.19983 0.509079 0.417916
326 -1.19827 -1.27511 0.519207 0.581207
327 -1.18283 -1.23562 0.52908 0.785633
328 -1.167 -1.11898 0.538887 0.746369
329 -1.1507 -1.09831 0.548717 0.751101
330 -1.13433 -1.12519 0.558151 0.578238
331 -1.11755 -1.07937 0.567563 0.325893
332 -1.10056 -1.10855 0.576734 0.584763
333 -1.08331 -1.04387 0.585715 0.534198
334 -1.0656 -1.06068 0.594731 0.288122
335 -1.04766 -1.05215 0.603525 0.271409
336 -1.02944 -0.990827 0.612159 0.622923
337 -1.01119 -0.959623 0.6204 0.740589
338 -0.992591 -0.896985 0.628553 1.43364
339 -0.973858 -0.87475 0.63642 1.33141
340 -0.954839 -0.938841 0.644157 0.668956
341 -0.935565 -0.95362 0.651733 0.694593
342 -0.915988 -0.892021 0.6592 0.535064
343 -0.896243 -0.953739 0.666424 0.674596
344 -0.876218 -0.873545 0.673523 0.837138
345 -0.856119 -0.87028 0.680292 1.05498
346 -0.835782 -0.824807 0.686905 1.16367
347 -0.815092 -0.846793 0.693479 1.18222
348 -0.794354 -0.741231 0.699709 1.21239
349 -0.773147 -0.79963 0.706024 0.993452
350 -0.751961 -0.808608 0.711929 0.785748
351 -0.730611 -0.7816 0.717621 0.862259
352 -0.709049 -0.731662 0.723153 0.91135
353 -0.687387 -0.659247 0.728418 1.00964
354 -0.6656 -0.624927 0.733446 1.12729
355 -0.643596 -0.66614 0.738337 0.903584
356 -0.621366 -0.603044 0.743102 0.779004
357 -0.599107 -0.541386 0.747545 0.662252
358 -0.576626 -0.633767 0.751871 0.562336
359 -0.554135 -0.625096 0.755867 0.443302
360 -0.531361 -0.49151 0.759819 0.0732313
361 -0.508515 -0.543617 0.763513 -0.106502
362 -0.485542 -0.528913 0.767011 0.0194683
363 -0.462553 -0.4912 0.770209 -0.171382
364 -0.439645 -0.469887 0.773019 0.00572602
365 -0.416512 -0.409741 0.775758 0.0202981
366 -0.393396 -0.440711 0.778187 -0.640733
367 -0.370018 -0.342082 0.780592 -0.359311
368 -0.346568 -0.4535 0.782784 -0.916393
369 -0.322986 -0.276924 0.784827 -0.994124
370 -0.299498 -0.332143 0.7865 -0.964621
371 -0.27581 -0.384737 0.788109 -1.1828
372 -0.251969 -0.283793 0.789606 -1.26485
373 -0.22838 -0.325991 0.790591 -2.14659
374 -0.204717 -0.405968 0.791406 -2.23579
375 -0.180922 -0.375933 0.792114 -2.06476
376 -0.157013 -0.149653 0.792699 -1.63375
377 -0.132984 -0.262531 0.793172 -1.62721
378 -0.109214 -0.221382 0.793154 -1.8341
379 -0.0855328 -0.184763 0.792833 -2.07262
380 -0.0617629 -0.132321 0.792399 -1.98556
381 -0.0381066 -0.124994 0.79165 -2.28573
382 -0.0144637 -0.0205028 0.790699 -1.96826
383 0.0091258 -0.142264 0.789512 -2.09005
384 0.0329145 -0.00370147 0.788349 -2.11378
385 0.0566407 -0.00111013 0.786946 -2.02448
386 0.0802255 -0.0658064 0.785232 -2.48326
387 0.103751 0.0266557 0.783301 -2.00997
388 0.127365 0.151524 0.781307 -1.71262
389 0.150849 0.141227 0.779034 -1.63248
390 0.174188 0.0844961 0.776475 -1.88182
391 0.197525 0.0353528 0.773785 -2.16449
392 0.220575 0.208846 0.770683 -1.93916
393 0.243633 0.151556 0.76748 -2.0916
394 0.266771 0.204361 0.764249 -1.82192
395 0.289697 0.205671 0.760701 -1.98785
396 0.312546 0.279346 0.75698 -1.96973
397 0.335198 0.365862 0.752975 -2.12626
398 0.35771 0.411406 0.748752 -2.16149
399 0.380256 0.314255 0.744492 -2.34066
400 0.402591 0.276509 0.739953 -2.23453
401 0.42484 0.335174 0.735271 -2.38924
402 0.446867 0.332958 0.730313 -2.3874
403 0.468704 0.37477 0.725123 -1.9863
404 0.490326 0.417815 0.719686 -2.05246
405 0.511808 0.435261 0.714085 -1.83756
406 0.533291 0.419581 0.708467 -1.63549
407 0.554559 0.563757 0.70262 -1.59046
408 0.575686 0.431877 0.696622 -1.36101
409 0.59667 0.500072 0.690482 -1.23102
410 0.617416 0.574515 0.684107 -1.16522
411 0.638018 0.594991 0.677603 -1.05246
412 0.658379 0.620291 0.670878 -1.03067
413 0.678516 0.608988 0.663956 -1.06149
414 0.698452 0.61955 0.656871 -1.36954
415 0.717869 0.617801 0.649311 -1.16282
416 0.737243 0.702076 0.641771 -0.690317
417 0.756467 0.702672 0.634144 -0.219731
418 0.775638 0.748457 0.626531 0.0914947
419 0.79448 0.771182 0.618657 -0.0540504
420 0.812949 0.855502 0.610488 -0.167929
421 0.831394 0.808811 0.602386 -0.227888
422 0.849343 0.832341 0.593877 -0.33284
423 0.867043 0.885319 0.585226 -0.275885
424 0.884635 0.799439 0.57658 -0.514782
425 0.901943 0.938235 0.567764 -0.293145
426 0.918996 0.900565 0.558815 -0.209664
427 0.935879 0.957524 0.549825 -0.04508
428 0.95253 0.864269 0.540733 -0.708598
429 0.968651 0.958075 0.531248 -0.53771
430 0.984647 0.981456 0.521792 -0.237106
431 1.00036 1.05467 0.512206 -0.616348
432 1.01576 1.02924 0.502467 -0.280181
433 1.03078 0.991131 0.492524 -0.327452
434 1.04559 1.0698 0.482536 -0.650673
435 1.06031 1.03946 0.472643 -0.988228
436 1.07437 1.0275 0.462277 -1.17996
437 1.08824 0.978367 0.451915 -1.05974
438 1.10174 1.08371 0.441389 -1.38437
439 1.11482 1.07193 0.430648 -1.27216
440 1.1276 1.12519 0.419824 -1.3774
441 1.14014 1.06084 0.408998 -1.15011
442 1.1524 1.06166 0.398112 -0.541971
443 1.16427 1.14816 0.387064 -0.49184
444 1.17575 1.15109 0.375881 -0.484036
445 1.18705 1.16539 0.364757 -0.19935
446 1.19787 1.22438 0.353405 0.267915
447 1.20849 1.25726 0.342107 0.250553
448 1.2187 1.14685 0.330667 0.788585
449 1.22845 1.30533 0.319032 1.29116
450 1.23795 1.23579 0.30743 0.915977
451 1.24718 1.31013 0.295829 0.823081
452 1.25589 1.27222 0.283993 0.422528
453 1.26443 1.30737 0.272293 0.343425
454 1.27249 1.31642 0.260395 0.472139
455 1.28041 1.20202 0.248654 0.338887
456 1.28778 1.2348 0.236673 0.491475
457 1.29496 1.35035 0.224807 0.690086
458 1.30175 1.22212 0.212861 0.186528
459 1.30808 1.30539 0.200764 0.498745
460 1.31421 1.27768 0.188801 0.611697
461 1.31983 1.33677 0.176645 0.127899
462 1.32504 1.40359 0.164417 0.307642
463 1.32986 1.26165 0.152131 0.104354
464 1.33435 1.28367 0.139861 0.326526
465 1.33847 1.27966 0.127563 -0.115994
466 1.34241 1.25253 0.115438 -0.442442
467 1.34596 1.3358 0.103269 -0.363778
468 1.34895 1.34093 0.0908981 -0.63426
469 1.35183 1.29461 0.0787712 -0.525863
470 1.35431 1.35877 0.0666048 -0.525185
471 1.3564 1.28136 0.0544042 -0.103063
472 1.35806 1.31762 0.0421484 -0.127033
473 1.35925 1.41518 0.0297832 0.164938
474 1.36026 1.36404 0.0176246 0.241947
475 1.36057 1.32837 0.00513862 0.172359
476 1.36073 1.34961 -0.00710964 0.284811
477 1.36042 1.36093 -0.0194413 0.357141
478 1.35999 1.42213 -0.0315087 0.621676
479 1.35899 1.30472 -0.0437547 0.664942
480 1.35769 1.30481 -0.0559015 0.584624
481 1.35593 1.38039 -0.0681203 0.537837
482 1.35398 1.3796 -0.080134 0.415481
483 1.35138 1.38653 -0.0923926 0.554665
484 1.34845 1.34064 -0.104579 0.745841
485 1.34522 1.40078 -0.116652 0.638912
486 1.34164 1.38994 -0.128662 0.611766
487 1.33783 1.34051 -0.14049 0.536358
488 1.3337 1.27597 -0.152239 0.826293
489 1.32911 1.37419 -0.164034 1.14801
490 1.32414 1.35803 -0.175795 0.554489
491 1.31892 1.37638 -0.187398 0.597852
492 1.31323 1.26606 -0.199061 0.396848
493 1.30739 1.37053 -0.21045 0.486605
494 1.3011 1.2618 -0.221875 0.681978
495 1.29435 1.31284 -0.233344 0.562448
496 1.28744 1.32896 -0.244551 0.525825
497 1.2802 1.24452 -0.255672 0.726783
498 1.27254 1.25538 -0.2668 1.01047
499 1.26467 1.24197 -0.277721 0.58007
500 1.25636 1.25839 -0.288669 -0.0288889
501 1.24769 1.27276 -0.299549 -0.388567
502 1.23847 1.24696 -0.31056 -0.593518
503 1.22901 1.26094 -0.321392 -0.659512
504 1.21934 1.18244 -0.331997 -0.734274
505 1.20919 1.15313 -0.342665 -0.645454
506 1.19886 1.19579 -0.353079 -0.529156
507 1.18827 1.18833 -0.363336 -0.381498
508 1.17741 1.14199 -0.373443 -0.321507
509 1.166 1.0541 -0.383692 -0.0806672
510 1.15451 1.17369 -0.39359 -0.00797519
511 1.1427 1.22542 -0.403393 0.188956
512 1.1306 1.12999 -0.413063 -0.33148
513 1.11827 1.13896 -0.422564 -0.362965
514 1.10572 1.11545 -0.431864 -0.392802
515 1.09282 1.09682 -0.441109 0.245016
516 1.07959 1.13325 -0.450288 0.0593255
517 1.0661 1.10529 -0.459302 0.195818
518 1.05245 1.03671 -0.468079 0.462431
519 1.03835 1.02026 -0.476914 0.905433
520 1.024 1.04384 -0.485578 0.777315
521 1.00935 1.06822 -0.494155 0.776765
522 0.994432 1.04742 -0.502589 0.803835
523 0.979201 0.960311 -0.510938 1.19074
524 0.963803 0.911998 -0.519055 0.74117
525 0.948118 0.943516 -0.527063 0.192381
526 0.932251 0.944254 -0.534861 -0.130975
527 0.916187 0.933154 -0.542467 -0.399036
528 0.899943 0.919588 -0.549869 -0.320853
529 0.883405 0.842646 -0.557186 -0.464277
530 0.866623 0.913496 -0.564368 -0.175293
531 0.849797 0.810163 -0.571215 -0.549631
532 0.832711 0.809128 -0.577956 -0.299515
533 0.815542 0.847844 -0.584414 -0.707376
534 0.797913 0.847685 -0.590974 -0.734706
535 0.780472 0.802234 -0.59698 -1.11011
536 0.762517 0.698057 -0.603154 -1.29731
537 0.744344 0.647395 -0.609191 -1.33631
538 0.726117 0.710505 -0.614928 -1.11424
539 0.707659 0.735256 -0.620551 -1.26045
540 0.689052 0.723605 -0.625979 -1.3494
541 0.670128 0.645347 -0.631386 -0.873462
542 0.651259 0.579468 -0.636398 -1.17345
543 0.632018 0.66961 -0.641454 -1.01757
544 0.612771 0.611882 -0.646183 -1.03558
545 0.593405 0.587128 -0.650709 -0.730454
546 0.57393 0.526176 -0.655027 -1.30697
547 0.554296 0.621226 -0.659193 -1.35223
548 0.534492 0.501292 -0.663221 -1.37075
549 0.514472 0.506789 -0.66716 -1.21508
550 0.494567 0.515113 -0.67068 -0.594534
551 0.4746 0.449508 -0.673971 -0.849697
552 0.454668 0.492411 -0.676945 -0.711664
553 0.434296 0.420804 -0.680085 -0.902293
554 0.414053 0.388625 -0.682814 -0.962627
555 0.39367 0.376124 -0.685415 -0.661899
556 0.373064 0.297727 -0.687974 -0.983921
557 0.35247 0.398956 -0.690254 -1.12526
558 0.331782 0.278475 -0.692371 -1.06696
559 0.310959 0.308232 -0.69437 -0.989121
560 0.290049 0.260726 -0.696206 -0.86652
561 0.269267 0.248813 -0.697668 -0.685385
562 0.248527 0.23196 -0.698855 -0.493203
563 0.227515 0.236794 -0.70009 -0.796497
564 0.206504 0.134045 -0.701096 -0.522711
565 0.18537 0.142668 -0.702004 -0.422462
566 0.164354 0.131774 -0.702575 0.164185
567 0.143202 0.129723 -0.703075 0.426395
568 0.122154 0.131919 -0.703265 0.174635
569 0.100989 0.10762 -0.703376 0.395844
570 0.0797506 0.0816029 -0.703367 0.398
571 0.0588011 0.108676 -0.702879 0.408042
572 0.0376277 0.0849374 -0.702441 0.37508
573 0.0167102 -0.0469367 -0.70157 0.197639
574 -0.00413018 -0.0556469 -0.700461 0.463102
575 -0.0252079 -0.00537963 -0.699437 0.55794
576 -0.0462742 -0.0382471 -0.698244 0.162103
577 -0.0670419 -0.0369204 -0.696601 0.044669
578 -0.0880665 -0.0427019 -0.695079 0.22078
579 -0.108978 -0.0919558 -0.693303 0.2336
580 -0.12972 -0.140585 -0.691225 -0.0543065
581 -0.15045 -0.107321 -0.689014 -0.0177342
582 -0.171227 -0.0941912 -0.686733 -0.136395
583 -0.191723 -0.202424 -0.684056 -0.276781
584 -0.212432 -0.184332 -0.681491 -0.0415681
585 -0.232867 -0.265345 -0.678548 -0.224164
586 -0.253149 -0.27266 -0.67536 -0.457358
587 -0.273501 -0.303969 -0.67216 -0.60013
588 -0.293596 -0.406542 -0.66862 -0.54941
589 -0.313663 -0.378094 -0.664984 -0.379528
590 -0.33366 -0.369125 -0.66121 0.0966431
591 -0.35359 -0.285797 -0.657309 0.304955
592 -0.37318 -0.390561 -0.653012 -0.0770765
593 -0.392679 -0.342678 -0.648582 0.216512
594 -0.412107 -0.437767 -0.644046 0.358505
595 -0.431308 -0.41332 -0.63925 0.344775
596 -0.450508 -0.39978 -0.634433 0.333867
597 -0.469626 -0.355845 -0.629511 0.245367
598 -0.488555 -0.457981 -0.624384 0.568208
599 -0.507275 -0.378256 -0.619039 1.10188
600 -0.525972 -0.481194 -0.613671 0.94402
601 -0.5443 -0.468966 -0.607934 1.39433
602 -0.562544 -0.497522 -0.60213 1.30285
603 -0.580743 -0.431241 -0.596299 1.49875
604 -0.598513 -0.517056 -0.590058 0.90022
605 -0.61603 -0.624348 -0.583602 1.02751
606 -0.633518 -0.547111 -0.577162 1.21748
607 -0.650852 -0.606109 -0.570614 0.790437
608 -0.668031 -0.657254 -0.563961 0.356468
609 -0.685007 -0.638368 -0.55716 0.46684
610 -0.701669 -0.689691 -0.550107 0.680047
611 -0.718165 -0.67211 -0.542959 0.700688
612 -0.734549 -0.672007 -0.535776 0.87657
613 -0.75055 -0.689629 -0.528289 1.07014
614 -0.766387 -0.738804 -0.52073 0.951188
615 -0.781898 -0.758562 -0.512941 0.786216
616 -0.797266 -0.690174 -0.505114 0.684463
617 -0.812319 -0.827695 -0.49708 0.26296
618 -0.827434 -0.808944 -0.489226 0.0609244
619 -0.84214 -0.82328 -0.481075 0.209453
620 -0.856684 -0.861043 -0.472886 -0.097203
621 -0.870853 -0.873503 -0.464449 -0.100024
622 -0.884829 -0.900327 -0.455958 -0.032395
623 -0.898473 -0.837804 -0.447274 0.518794
624 -0.912054 -0.931196 -0.43868 0.215883
625 -0.925134 -0.943772 -0.429734 0.752793
626 -0.938003 -0.904087 -0.42074 0.799185
627 -0.950595 -0.872597 -0.411637 0.800513
628 -0.962958 -0.910066 -0.402477 1.0745
629 -0.975019 -0.983731 -0.393193 0.852978
630 -0.986886 -0.884608 -0.3839 0.922759
631 -0.998435 -1.09722 -0.374474 0.551259
632 -1.00962 -0.965886 -0.364879 0.98817
633 -1.02041 -0.902874 -0.355087 1.00735
634 -1.03107 -1.01961 -0.345374 0.220844
635 -1.04146 -0.997931 -0.335606 0.163457
636 -1.05158 -1.09673 -0.325783 0.130369
637 -1.06137 -1.0941 -0.31585 0.334515
638 -1.07062 -1.06572 -0.305598 0.385292
639 -1.0799 -1.03331 -0.295612 0.266507
640 -1.0887 -0.988205 -0.285386 0.459519
641 -1.09741 -1.07659 -0.275308 -0.103979
642 -1.10564 -1.06665 -0.264986 -0.175788
643 -1.11354 -1.08228 -0.254593 -0.503845
644 -1.12138 -1.14047 -0.244387 -0.517151
645 -1.12863 -1.06366 -0.233852 -0.350848
646 -1.13562 -1.15901 -0.223317 -0.750863
647 -1.14253 -1.0568 -0.212966 -1.02072
648 -1.14888 -1.12538 -0.20233 -1.12425
649 -1.1551 -1.15479 -0.191834 -1.30782
650 -1.16089 -1.22259 -0.18119 -1.05693
651 -1.16641 -1.18415 -0.170545 -1.22798
652 -1.17158 -1.20041 -0.159851 -1.40497
653 -1.17647 -1.25823 -0.149156 -1.37776
654 -1.18094 -1.23056 -0.138341 -1.41058
655 -1.18497 -1.23326 -0.127386 -1.31272
656 -1.18858 -1.23876 -0.116323 -1.53951
657 -1.19208 -1.26935 -0.105455 -1.37205
658 -1.19519 -1.34202 -0.0945205 -1.49795
659 -1.19813 -1.27091 -0.0837222 -1.68202
660 -1.20062 -1.25873 -0.0727981 -1.62126
661 -1.20279 -1.31411 -0.0618645 -2.0942
662 -1.2048 -1.23087 -0.051104 -2.22297
663 -1.20644 -1.28699 -0.0402903 -1.99082
664 -1.2077 -1.27898 -0.0294189 -2.06574
665 -1.2087 -1.30954 -0.0186246 -1.85527
666 -1.20915 -1.26105 -0.00760719 -1.79696
667 -1.2096 -1.27056 0.00305846 -1.87792
668 -1.20941 -1.24463 0.0140448 -1.78627
669 -1.20901 -1.28921 0.0248857 -2.03424
670 -1.20836 -1.25761 0.0356303 -2.48329
671 -1.20721 -1.27378 0.046537 -2.25641
672 -1.20585 -1.298 0.0572893 -2.75294
673 -1.20408 -1.30341 0.0681096 -2.77895
674 -1.20216 -1.24062 0.0787281 -2.50279
675 -1.19985 -1.24291 0.0893741 -2.50993
676 -1.19722 -1.34876 0.099989 -2.72682
677 -1.19411 -1.29511 0.110719 -2.87313
678 -1.19068 -1.31165 0.121408 -2.6073
679 -1.18694 -1.30436 0.132041 -2.49858
680 -1.18298 -1.19945 0.142521 -2.13089
681 -1.17876 -1.17648 0.1529 -2.10418
682 -1.17412 -1.27643 0.163333 -1.85643
683 -1.16931 -1.22107 0.173567 -1.80515
684 -1.16405 -1.25036 0.183884 -1.96478
685 -1.15867 -1.25643 0.193947 -1.9653
686 -1.15296 -1.21978 0.203978 -1.74475
687 -1.1468 -1.16143 0.214091 -1.37019
688 -1.14046 -1.11258 0.224007 -0.996813
689 -1.13393 -1.13871 0.233747 -0.811273
690 -1.12698 -1.16523 0.24354 -0.942876
691 -1.11972 -1.0669 0.253264 -0.564061
692 -1.11224 -1.16878 0.262849 -0.679387
693 -1.10434 -1.17071 0.272482 -0.907761
694 -1.09601 -1.09945 0.28216 -0.709398
695 -1.08751 -1.16918 0.291637 -0.972589
696 -1.0787 -1.05177 0.301048 -0.640692
697 -1.06967 -1.00483 0.310306 -0.860076
698 -1.06061 -1.01264 0.319221 -0.652966
699 -1.05105 -1.01408 0.328271 -1.06574
700 -1.04113 -1.1085 0.337304 -0.714978
701 -1.03106 -1.03679 0.346123 -0.0411748
702 -1.02072 -1.0356 0.354835 0.228074
703 -1.01013 -0.995324 0.363433 -0.0210701
704 -0.999159 -1.06269 0.372052 -0.690892
705 -0.988165 -1.00666 0.380318 -0.603766
706 -0.976608 -1.0129 0.388789 -0.63262
707 -0.96491 -1.07914 0.39703 -0.6214
708 -0.952958 -1.08486 0.405159 -0.869552
709 -0.940816 -1.02425 0.413116 -0.568882
710 -0.928413 -0.973051 0.420972 -0.745348
711 -0.91573 -1.0458 0.42875 -1.23374
712 -0.902743 -0.890564 0.436473 -1.12264
713 -0.889644 -0.878614 0.443948 -1.15303
714 -0.876339 -1.03784 0.451276 -1.33809
715 -0.862711 -0.8661 0.458576 -1.10915
716 -0.848901 -0.828981 0.465705 -1.11146
717 -0.83504 -0.871527 0.472536 -0.815942
718 -0.820735 -0.874408 0.479471 -1.03507
719 -0.80628 -0.834233 0.48621 -1.00149
720 -0.791544 -0.841947 0.492887 -1.33541
721 -0.776612 -0.761344 0.499417 -1.56436
722 -0.761555 -0.833695 0.505732 -1.9472
723 -0.746368 -0.823728 0.511842 -1.98723
724 -0.730962 -0.765084 0.517843 -2.02673
725 -0.715309 -0.781875 0.523762 -1.81435
726 -0.699503 -0.774111 0.529507 -1.50637
727 -0.683469 -0.762911 0.535158 -1.72734
728 -0.667147 -0.752981 0.540773 -1.78034
729 -0.650907 -0.648372 0.545983 -1.61391
730 -0.634533 -0.618022 0.551017 -1.48826
731 -0.618111 -0.682141 0.555793 -1.54429
732 -0.601381 -0.594877 0.560579 -1.14844
733 -0.584825 -0.6527 0.564888 -1.23287
734 -0.567936 -0.69931 0.569246 -1.30311
735 -0.550999 -0.681786 0.573364 -1.22493
736 -0.533688 -0.614898 0.577573 -1.15211
737 -0.516508 -0.560067 0.581362 -1.01236
738 -0.499223 -0.567272 0.584984 -0.793856
739 -0.48155 -0.495886 0.588723 -0.549859
740 -0.463848 -0.44636 0.592214 -0.116753
741 -0.446111 -0.500863 0.59547 -0.235245
742 -0.428296 -0.431661 0.598543 -0.440851
743 -0.410209 -0.467457 0.601631 -0.839199
744 -0.39205 -0.3949 0.604531 -0.749977
745 -0.373903 -0.34622 0.607163 -0.754472
746 -0.355706 -0.404603 0.6096 -1.04468
747 -0.337418 -0.435616 0.611887 -1.36575
748 -0.319142 -0.421311 0.613924 -1.44969
749 -0.300728 -0.43523 0.615872 -1.23193
750 -0.28232 -0.364708 0.617587 -1.23219
751 -0.26375 -0.351304 0.619243 -0.941708
752 -0.245108 -0.202835 0.620754 -1.1787
753 -0.226369 -0.220945 0.622145 -0.554425
754 -0.207764 -0.21979 0.62319 -0.411873
755 -0.189286 -0.210117 0.623907 -0.397636
756 -0.170334 -0.135119 0.624909 -0.368091
757 -0.151614 -0.14719 0.625478 -0.561475
758 -0.132735 -0.0758744 0.626019 -0.29372
759 -0.114129 -0.156273 0.6261 -0.57863
760 -0.0954075 -0.105441 0.626126 -0.812192
761 -0.0766392 -0.171164 0.62603 -0.705143
762 -0.0579135 -0.115512 0.625726 -0.520187
763 -0.0391915 -0.0426121 0.625259 -0.617873
764 -0.0203581 -0.0533187 0.624749 -1.04545
765 -0.00142872 -0.130984 0.624182 -0.914218
766 0.0170992 -0.0719232 0.623061 -0.693245
767 0.0358428 -0.0172857 0.622024 -0.412904
768 0.0545239 0.012404 0.620789 -0.0661582
769 0.0731351 0.134767 0.619355 0.167534
770 0.0918139 0.0969733 0.617866 0.197978
771 0.11039 0.145919 0.616152 0.474461
772 0.128742 0.0722074 0.614102 0.116286
773 0.147017 0.154738 0.611874 0.188345
774 0.165325 0.239964 0.609585 0.609746
775 0.183464 0.25939 0.607035 0.612666
776 0.201726 0.246064 0.604523 0.316979
777 0.219991 0.256839 0.60193 0.220114
778 0.238124 0.228161 0.599123 0.623463
779 0.255936 0.232304 0.59592 1.12435
780 0.273897 0.253253 0.592805 0.881066
781 0.291526 0.339789 0.589297 1.0078
782 0.309113 0.387293 0.585696 1.09115
783 0.326538 0.274896 0.58189 0.765329
784 0.343829 0.310063 0.577913 0.631765
785 0.361088 0.338304 0.573872 0.194611
786 0.37829 0.253612 0.569748 0.188576
787 0.395402 0.397022 0.565508 0.107064
788 0.41235 0.426831 0.561085 -0.164323
789 0.428937 0.423647 0.556286 -0.308819
790 0.445656 0.406507 0.551622 -0.391863
791 0.462201 0.424237 0.546779 -0.38073
792 0.478503 0.460614 0.541699 -0.5999
793 0.494844 0.472608 0.536669 -0.409513
794 0.510984 0.527724 0.53145 -0.250185
795 0.526962 0.521746 0.526089 -0.383343
796 0.542808 0.524126 0.520621 -0.31102
797 0.558486 0.531623 0.515014 -0.615146
798 0.574004 0.528668 0.509282 -0.846942
799 0.589256 0.532574 0.503326 -1.18533
800 0.604453 0.622423 0.497365 -1.13252
801 0.619466 0.571953 0.491271 -1.11503
802 0.634315 0.557964 0.485069 -1.18423
803 0.648631 0.558263 0.478397 -0.887001
804 0.66294 0.627748 0.471799 -0.784765
805 0.677011 0.568607 0.465042 -0.65841
806 0.691059 0.662391 0.458348 -0.684547
807 0.704729 0.655536 0.45136 -0.432698
808 0.718239 0.747571 0.44431 -0.883205
809 0.7315 0.644345 0.437111 -1.01294
810 0.744541 0.720817 0.429799 -0.725369
811 0.757382 0.777201 0.422401 -0.549288
812 0.770274 0.688396 0.415171 -0.628954
813 0.782672 0.740268 0.407559 -0.255152
814 0.79495 0.746282 0.399954 -0.259214
815 0.806886 0.716576 0.392138 -0.256631
816 0.818713 0.702047 0.38435 -0.382319
817 0.830159 0.841949 0.376321 -0.263779
818 0.841413 0.819378 0.368249 0.478497
819 0.85251 0.779134 0.360173 0.453246
820 0.863345 0.82388 0.351991 0.0273077
821 0.873854 0.749692 0.343641 -0.199471
822 0.884466 0.787244 0.335564 0.0368899
823 0.894547 0.875061 0.327114 0.183775
824 0.90425 0.85737 0.318463 0.025299
825 0.913769 0.94011 0.309812 0.279069
826 0.923123 0.892131 0.301183 -0.175679
827 0.932219 0.943767 0.292484 -0.386036
828 0.941049 0.875027 0.28371 -0.084228
829 0.949555 0.873237 0.27481 -0.422213
830 0.957893 0.929721 0.265945 -0.793778
831 0.965999 0.920239 0.257053 -0.390796
832 0.973637 0.906776 0.2479 -0.278983
833 0.98099 0.967285 0.238681 -0.182251
834 0.988075 0.932128 0.229419 -0.182445
835 0.994793 0.981057 0.220018 -0.164631
836 1.00134 1.00394 0.210678 -0.0720168
837 1.00766 1.04237 0.201349 0.334136
838 1.01359 1.05701 0.191876 0.413555
839 1.01941 0.971165 0.182522 0.340273
840 1.02492 1.00303 0.173108 0.424927
841 1.03009 1.00276 0.163607 0.802953
842 1.0351 1.01917 0.154191 0.575878
843 1.0397 1.03308 0.144616 0.628533
844 1.04419 1.06238 0.135197 0.684994
845 1.04826 1.01557 0.125611 0.475996
846 1.05216 1.052 0.116113 0.513694
847 1.05547 1.06158 0.106301 0.262393
848 1.05853 1.11767 0.096513 0.0284896
849 1.06162 1.08995 0.0870351 -0.181305
850 1.06424 0.969061 0.0773615 -0.61607
851 1.0666 1.04292 0.0676992 -0.62268
852 1.06878 1.01074 0.0581489 -0.718031
853 1.07049 1.04736 0.0484144 -0.755832
854 1.07195 0.968122 0.0387068 -0.826338
855 1.07308 1.09369 0.0289773 -0.672508
856 1.07394 1.04019 0.0192611 -0.414735
857 1.07472 1.1158 0.0097675 -0.381715
858 1.07517 1.10356 0.000241481 -0.519949
859 1.07529 1.07316 -0.00932588 -0.926434
860 1.07505 1.03121 -0.0189509 -0.928143
861 1.07459 1.09744 -0.0284892 -0.954694
862 1.07386 1.00793 -0.037985 -0.907287
863 1.07264 1.07884 -0.0476758 -1.09239
864 1.07139 1.04765 -0.0570821 -0.559678
865 1.06959 1.02767 -0.0667194 -0.133316
866 1.06754 1.09702 -0.0762965 -0.321006
867 1.06524 1.0603 -0.0858073 -0.856138
868 1.06263 0.982012 -0.0953005 -0.73284
869 1.0596 1.0638 -0.104887 -0.835274
870 1.05648 1.00552 -0.114244 -1.08018
871 1.05295 1.03829 -0.123677 -1.07702
872 1.04925 0.988719 -0.132959 -0.622486
873 1.04538 1.12356 -0.142086 -0.445633
874 1.04126 0.994961 -0.151137 -0.237884
875 1.03674 1.0097 -0.160271 -0.379186
876 1.03185 1.04859 -0.169444 -0.568157
877 1.02677 1.00651 -0.178473 -0.941461
878 1.02149 0.94983 -0.187369 -0.735703
879 1.01584 0.967218 -0.196309 -0.850737
880 1.01 1.02839 -0.205115 -1.02826
881 1.00371 0.950004 -0.214025 -1.02816
882 0.997461 1.01563 -0.22257 -0.85875
883 0.990814 0.974988 -0.231183 -1.17058
884 0.983932 0.994409 -0.2397 -1.50469
885 0.976681 0.976913 -0.248256 -1.57819
886 0.969377 0.904313 -0.25653 -1.6535
887 0.961808 0.935421 -0.264743 -1.25522
888 0.953861 0.886142 -0.273007 -1.20181
889 0.945614 1.03509 -0.281238 -1.16493
890 0.937184 0.939041 -0.28932 -0.909325
891 0.928235 0.952224 -0.29759 -0.822379
892 0.919292 0.890724 -0.305513 -0.978994
893 0.910003 0.975015 -0.313453 -0.72922
894 0.900775 0.84116 -0.320996 -1.09666
895 0.891277 0.835063 -0.32849 -1.02884
896 0.881398 0.93029 -0.336043 -1.29385
897 0.871272 0.764759 -0.343516 -0.867631
898 0.860957 0.801508 -0.350852 -0.584445
899 0.850361 0.851165 -0.358144 -0.303903
900 0.839491 0.856409 -0.365387 0.0171847
901 0.828412 0.837093 -0.372511 0.029446
902 0.817295 0.806081 -0.37935 0.211587
903 0.806042 0.780755 -0.386009 -0.0550383
904 0.79435 0.809322 -0.392796 -0.308167
905 0.782558 0.822316 -0.399364 -0.621805
906 0.770516 0.722826 -0.405869 -0.440078
907 0.758356 0.700646 -0.412179 -0.288875
908 0.74601 0.788362 -0.418366 -0.401312
909 0.733278 0.677705 -0.424634 -0.560723
910 0.720666 0.72338 -0.43047 -0.752374
911 0.707612 0.694079 -0.436449 -0.679127
912 0.694514 0.660601 -0.442169 -0.873875
913 0.681243 0.692978 -0.447762 -0.942842
914 0.667851 0.623768 -0.45318 -1.15115
915 0.654153 0.694607 -0.458613 -0.858119
916 0.640483 0.679022 -0.463725 -1.0217
917 0.6265 0.510496 -0.468864 -1.15897
918 0.612286 0.593667 -0.473948 -1.04947
919 0.598153 0.598832 -0.478662 -0.870984
920 0.583846 0.612878 -0.483275 -0.842574
921 0.569219 0.577471 -0.487933 -0.796997
922 0.554676 0.595371 -0.492229 -0.458933
923 0.539931 0.517283 -0.496461 -0.083739
924 0.525051 0.524608 -0.500562 -0.297684
925 0.510119 0.487106 -0.504451 -0.784107
926 0.494892 0.493603 -0.508379 -1.08966
927 0.479605 0.434673 -0.512107 -1.31723
928 0.464381 0.404685 -0.515516 -1.61027
929 0.448773 0.357957 -0.519064 -1.54136
930 0.433165 0.396815 -0.522361 -1.10663
931 0.417548 0.38511 -0.525422 -1.10555
932 0.401715 0.28649 -0.528463 -0.984119
933 0.385924 0.391089 -0.531222 -0.719372
934 0.369868 0.381386 -0.534018 -0.678076
935 0.35409 0.355537 -0.536303 -0.712622
936 0.337993 0.329412 -0.538693 -0.732552
937 0.321948 0.286782 -0.540812 -0.521173
938 0.305715 0.356052 -0.542906 -0.0871282
939 0.289503 0.26 -0.544768 -0.279732
940 0.273316 0.272045 -0.5464 -0.220967
941 0.25691 0.346208 -0.548055 -0.533315
942 0.240468 0.311767 -0.549545 -0.640161
943 0.224088 0.200275 -0.550779 -0.706776
944 0.207662 0.152049 -0.551873 -0.880673
945 0.191074 0.138307 -0.552945 -1.10058
946 0.174375 0.146448 -0.553946 -0.719155
947 0.157659 0.211169 -0.554782 -0.67469
948 0.140987 0.197616 -0.555397 -0.65822
949 0.124154 0.0422776 -0.556004 -0.337772
950 0.10761 0.046255 -0.556151 -0.299241
951 0.0909292 0.0936606 -0.556282 0.066658
952 0.0743164 0.1117 -0.55619 -0.174952
953 0.0575945 0.057591 -0.556061 -1.08901
954 0.040891 -0.0167832 -0.555767 -0.79195
955 0.0242057 0.0319636 -0.555314 -0.991526
956 0.00747352 -0.00299095 -0.554771 -1.07613
957 -0.00925076 -0.0446933 -0.554088 -0.854076
958 -0.0258337 0.0150088 -0.553133 -0.845
959 -0.0424052 0.0215914 -0.552049 -1.12478
960 -0.0589115 -0.0398912 -0.550784 -1.35949
961 -0.0754879 -0.120312 -0.54948 -1.54437
962 -0.0921436 -0.0851386 -0.548148 -1.36925
963 -0.108637 -0.0998591 -0.546546 -0.980527
964 -0.125112 -0.14217 -0.544826 -0.528222
965 -0.141522 -0.201458 -0.542949 -0.299471
966 -0.157836 -0.141974 -0.540886 -0.419866
967 -0.174046 -0.14652 -0.538637 -0.490135
968 -0.190201 -0.270676 -0.536259 -0.755255
969 -0.206441 -0.200697 -0.533895 -0.907249
970 -0.222527 -0.296587 -0.531306 -1.28119
971 -0.238477 -0.281441 -0.528516 -1.83541
972 -0.254636 -0.318697 -0.525881 -1.97897
973 -0.270269 -0.356831 -0.522657 -2.2121
974 -0.285834 -0.390291 -0.519326 -2.58216
975 -0.301387 -0.319818 -0.515947 -2.35066
976 -0.316769 -0.392764 -0.512365 -2.05294
977 -0.33204 -0.383382 -0.508646 -1.78421
978 -0.347187 -0.379372 -0.504781 -2.11236
979 -0.362197 -0.408024 -0.500767 -2.00371
980 -0.377214 -0.407631 -0.49675 -1.82753
981 -0.392011 -0.436585 -0.492504 -2.17852
982 -0.406704 -0.462867 -0.488155 -2.48463
983 -0.421467 -0.443434 -0.483881 -2.54389
984 -0.436253 -0.439164 -0.479632 -2.73568
985 -0.450786 -0.395853 -0.47513 -2.60115
986 -0.465166 -0.534986 -0.470485 -2.89726
987 -0.479093 -0.448067 -0.465406 -2.52294
988 -0.492893 -0.647742 -0.460234 -2.51657
989 -0.506602 -0.52855 -0.455009 -2.1946
990 -0.520271 -0.652157 -0.449787 -2.56581
991 -0.533819 -0.58312 -0.444483 -2.57249
992 -0.547006 -0.651711 -0.438865 -2.81165
993 -0.56013 -0.601714 -0.433241 -2.86682
994 -0.573214 -0.650326 -0.427637 -3.24769
995 -0.586079 -0.686202 -0.421873 -3.07301
996 -0.598793 -0.678811 -0.416023 -2.84706
997 -0.611282 -0.556763 -0.410018 -2.73359
998 -0.623534 -0.67778 -0.403853 -2.7405
999 -0.635461 -0.714504 -0.397448 -2.5084
